100
93 3
2 1 1 1 1 1 1 1 3 3 3 1 1 1 1 1 1 1 3 3 3 1 1 1 1 1 1 1 3 3 3 2 1 1 1 1 1 1 1 3 3 3 1 1 1 1 1 1 1 3 3 3 1 1 1 1 1 1 1 3 3 3 2 1 1 1 1 1 1 1 3 3 3 1 1 1 1 1 1 1 3 3 3 1 1 1 1 1 1 1 3 3 3
98 3
3 2 2 2 2 2 2 2 2 2 2 2 2 2 2 2 2 2 2 2 1 1 1 1 1 2 2 2 2 2 2 2 2 2 2 2 2 2 2 2 2 2 2 2 1 1 1 1 1 3 2 2 2 2 2 2 2 2 2 2 2 2 2 2 2 2 2 2 2 1 1 1 1 1 2 2 2 2 2 2 2 2 2 2 2 2 2 2 2 2 2 2 2 1 1 1 1 1
95 3
3 3 1 1 1 1 1 1 3 3 3 3 1 1 1 1 1 1 3 3 3 3 1 1 1 1 1 1 3 3 3 3 3 3 1 1 1 1 1 1 3 3 3 3 1 1 1 1 1 1 3 3 3 3 1 1 1 1 1 1 3 3 3 3 3 3 1 1 1 1 1 1 3 3 3 3 1 1 1 1 1 3 3 3 3 1 1 1 1 1 1 3 3 3 3
94 3
2 2 2 2 2 2 1 1 1 2 2 2 2 2 2 1 1 1 2 2 2 2 2 2 1 1 1 2 2 2 2 2 2 1 1 1 2 2 2 2 2 2 1 1 1 3 3 2 2 2 2 2 2 1 1 1 2 2 2 2 2 2 1 1 1 2 2 2 2 2 2 1 1 1 2 2 2 2 2 2 1 1 1 2 2 2 2 2 2 1 1 1 3 3
100 3
3 3 3 3 3 3 3 3 3 3 3 3 3 3 3 3 3 3 3 3 3 3 3 3 3 3 3 3 3 3 3 3 3 3 3 3 3 3 3 3 3 3 3 3 3 3 3 3 1 1 1 1 1 1 1 1 1 1 1 1 1 1 1 1 1 1 1 1 1 1 1 1 1 1 1 1 1 1 1 1 1 1 1 1 1 1 1 1 1 1 1 1 1 1 1 1 2 2 2 2
100 2
1 1 1 1 1 2 2 2 2 2 2 2 2 2 2 2 2 2 2 2 1 1 1 1 1 2 2 2 2 2 2 2 2 2 2 2 2 2 2 2 1 1 1 1 1 2 2 2 2 2 2 2 2 2 2 2 2 2 2 2 1 1 1 1 1 2 2 2 2 2 2 2 2 2 2 2 2 2 2 2 1 1 1 1 1 2 2 2 2 2 2 2 2 2 2 2 2 2 2 2
97 3
3 3 3 2 2 3 3 3 2 2 3 3 3 2 2 3 3 3 2 2 3 3 3 2 2 3 3 3 2 2 1 1 3 3 3 2 2 3 3 3 2 2 3 3 3 2 2 3 3 3 2 2 3 3 3 2 2 3 3 3 2 2 1 1 3 3 3 2 2 2 3 3 3 2 2 3 3 3 2 2 3 3 3 2 2 3 3 3 2 2 3 3 3 2 2 1 1
100 3
2 2 2 2 2 2 2 2 2 2 2 1 1 1 1 2 2 2 2 2 2 2 2 2 2 2 1 1 1 1 2 2 2 2 2 2 2 2 2 2 2 1 1 1 1 2 2 2 2 2 2 2 2 2 2 2 1 1 1 1 2 2 2 2 2 2 2 2 2 2 2 1 1 1 1 3 3 3 3 3 3 3 3 3 3 3 3 3 3 3 3 3 3 3 3 3 3 3 3 3
96 3
3 3 3 3 3 3 3 1 3 3 2 2 2 2 3 3 3 3 3 3 3 3 3 3 2 2 2 2 1 1 1 1 3 3 3 3 3 3 3 3 3 3 2 2 2 2 3 3 3 3 3 3 3 3 3 3 2 2 2 2 1 1 1 1 3 3 3 3 3 3 3 3 3 3 2 2 2 2 3 3 3 3 3 3 3 3 3 3 2 2 2 2 1 1 1 1
86 3
2 2 2 2 1 1 3 3 3 1 1 3 3 3 1 1 3 3 3 1 1 3 3 3 1 1 3 3 3 2 2 2 2 1 1 3 3 3 1 1 3 3 3 1 1 3 3 3 1 1 3 3 3 1 1 3 3 2 2 2 2 1 1 3 3 3 1 1 3 3 3 1 1 3 3 3 1 1 3 3 3 1 1 3 3 3
88 3
1 1 1 3 3 3 1 1 1 3 3 1 1 1 3 3 1 1 1 3 3 1 1 1 3 3 2 2 2 2 1 1 1 3 3 1 1 1 3 3 1 1 1 3 3 1 1 1 3 3 1 1 1 3 3 2 2 2 2 1 1 1 3 3 1 1 1 3 3 1 1 1 3 3 1 1 1 3 3 1 1 1 3 3 2 2 2 2
96 3
1 3 3 3 3 3 1 3 3 3 3 3 1 3 3 3 3 3 2 2 2 2 2 2 1 3 3 3 3 3 1 3 3 3 3 3 1 3 3 3 3 3 2 2 2 2 2 2 1 3 3 3 3 3 1 3 3 3 3 3 1 3 3 3 3 3 2 2 2 2 2 2 1 3 3 3 3 3 1 3 3 3 3 3 1 3 3 3 3 3 2 2 2 2 2 2
91 3
3 3 3 3 3 3 2 2 2 2 2 2 2 1 2 2 2 2 2 2 2 1 2 2 2 2 2 2 2 2 2 2 2 2 2 2 1 2 2 2 2 2 2 2 1 3 3 3 3 3 3 2 2 2 2 2 2 2 1 2 2 2 2 2 2 2 1 2 2 2 2 2 2 2 1 2 2 2 2 2 2 2 1 2 2 2 2 2 2 2 1
100 3
3 3 3 3 3 3 3 3 3 3 3 3 3 3 1 1 1 2 2 2 3 3 3 3 3 3 3 3 3 3 3 3 3 3 1 1 1 2 2 2 3 3 3 3 3 3 3 3 3 3 3 3 3 3 1 1 1 2 2 2 3 3 3 3 3 3 3 3 3 3 3 3 3 3 1 1 1 2 2 2 3 3 3 3 3 3 3 3 3 3 3 3 3 3 1 1 1 2 2 2
96 3
1 1 1 1 1 1 3 3 3 3 3 2 2 2 2 2 1 1 1 1 1 1 3 3 3 3 3 2 2 2 2 2 1 1 1 1 1 1 3 3 3 3 3 2 2 2 2 2 1 1 1 1 1 1 3 3 3 3 3 2 2 2 2 2 1 1 1 1 1 1 3 3 3 3 3 2 2 2 2 2 1 1 1 1 1 1 3 3 3 1 3 2 2 2 2 2
100 3
3 3 3 3 3 3 3 3 2 2 2 2 3 3 3 3 3 3 3 3 2 2 3 2 3 3 3 3 3 3 3 3 2 2 2 2 3 3 3 3 3 3 3 3 2 2 2 2 1 1 3 3 3 3 3 3 3 3 2 2 2 2 3 3 3 3 3 3 3 3 2 2 2 2 3 3 3 3 3 3 3 3 2 2 2 2 3 3 3 3 3 3 3 3 2 2 2 2 1 1
99 3
2 2 2 2 2 2 2 2 2 2 2 2 2 2 2 2 1 1 1 1 1 1 2 2 2 2 2 2 2 2 2 2 2 2 2 2 2 2 1 1 1 1 1 1 3 3 3 3 3 3 2 2 2 2 2 2 2 2 2 2 2 2 2 2 2 1 1 1 1 1 1 2 2 2 2 2 2 2 2 2 2 2 2 2 2 2 2 1 1 1 1 1 1 3 3 3 3 3 3
97 3
1 1 1 1 1 1 1 1 1 3 3 3 3 3 3 1 1 1 1 1 1 1 1 1 3 3 3 3 3 3 1 1 1 1 1 1 1 1 1 3 3 3 3 3 3 1 1 1 1 1 1 1 1 1 3 3 3 3 3 3 2 2 2 2 2 2 2 2 2 2 2 2 2 2 2 2 2 2 2 2 2 2 2 2 2 2 2 2 2 2 2 2 2 2 2 2 2
99 3
3 3 3 3 3 3 3 3 3 3 3 3 3 3 2 3 3 3 3 3 3 3 3 3 3 3 3 3 3 2 3 3 3 3 3 3 3 3 3 3 3 3 3 3 2 1 1 1 1 3 3 3 3 3 3 3 3 3 3 3 3 3 3 2 3 3 3 3 3 3 3 3 3 3 3 2 3 3 3 2 3 3 3 3 3 3 3 3 3 3 3 3 3 3 2 1 1 1 1
99 3
3 3 3 3 3 3 3 3 3 3 3 3 3 3 3 3 3 3 3 3 3 2 2 2 2 2 2 2 2 2 2 2 2 2 2 2 2 2 2 2 2 2 2 2 1 1 1 2 2 2 2 2 2 2 2 2 2 2 2 2 2 2 2 2 2 2 2 2 2 2 1 1 1 2 2 2 2 2 2 2 2 2 2 2 2 2 2 2 2 2 2 2 2 2 2 2 1 1 1
1 2
1
96 3
1 1 1 1 3 3 3 3 3 3 3 3 3 2 2 2 2 2 3 3 3 3 3 3 3 3 3 2 2 2 2 2 1 1 1 1 3 3 3 3 3 3 3 3 3 2 2 2 2 2 3 3 3 3 3 3 3 3 3 2 2 2 2 2 1 1 1 1 3 3 3 3 3 3 3 3 3 2 2 2 2 2 3 3 3 3 3 3 3 3 3 2 2 2 2 2
100 3
1 1 1 1 1 1 2 2 3 3 3 3 3 2 2 3 3 3 3 3 1 1 1 1 1 1 2 2 3 3 3 3 3 2 2 3 3 3 3 3 1 1 1 1 1 1 2 2 3 3 3 3 3 2 2 3 3 3 3 3 1 1 1 1 1 1 2 2 3 3 3 3 3 2 2 3 3 3 3 3 1 1 1 1 1 1 2 2 3 3 3 3 3 2 2 3 3 3 3 3
96 3
2 2 2 2 2 2 1 1 1 1 1 1 1 1 3 3 2 2 2 2 2 2 1 1 1 1 1 1 1 1 3 3 2 2 2 2 2 2 1 1 1 1 1 1 1 1 3 3 2 2 2 2 2 2 1 1 1 1 1 1 1 1 3 3 2 2 2 2 2 2 1 1 1 1 1 1 1 1 3 3 2 2 2 2 2 2 1 1 1 1 1 1 1 1 3 3
100 3
1 1 1 1 1 3 3 3 2 2 3 3 3 2 2 3 3 3 2 2 3 3 3 2 2 1 1 1 1 1 3 3 3 2 2 3 3 3 2 2 3 3 3 2 2 3 3 3 2 2 1 1 1 1 1 3 3 3 2 2 3 3 3 2 2 3 3 3 2 2 3 3 3 2 2 1 1 1 1 1 3 3 3 2 2 3 3 3 2 2 3 3 3 2 2 3 3 3 2 2
91 3
2 2 1 1 1 1 2 2 1 1 1 1 3 3 3 2 2 1 1 1 1 2 2 1 1 1 1 3 3 3 2 2 1 1 1 1 2 2 1 1 1 1 3 3 3 2 2 1 1 1 1 2 2 1 1 1 1 3 3 3 2 2 1 1 1 1 2 2 2 1 1 1 1 3 3 3 2 2 1 1 1 1 2 2 1 1 1 1 3 3 3
99 3
3 3 3 3 3 2 2 2 2 2 2 1 2 2 2 2 2 2 1 3 3 3 3 3 3 2 2 2 2 2 2 1 2 2 2 2 2 2 1 3 3 3 3 3 3 2 2 2 2 2 2 1 2 2 2 2 2 2 1 3 3 3 3 3 3 2 2 2 2 2 2 1 2 2 2 2 2 2 1 3 3 3 3 3 3 2 2 2 2 2 2 1 2 2 2 2 2 2 1
90 3
2 2 3 3 3 3 3 2 2 3 3 3 3 3 1 2 2 3 3 3 3 3 2 2 3 3 3 3 3 1 2 2 3 3 3 3 3 2 2 3 3 3 3 3 1 2 2 3 3 3 3 3 2 2 3 3 3 3 3 1 2 2 3 3 3 3 3 2 2 3 3 3 3 3 1 2 2 3 3 3 3 3 2 2 3 3 3 3 3 1
98 2
2 2 2 2 2 2 2 2 2 2 2 2 2 2 2 2 2 2 2 2 2 2 2 2 2 2 2 2 2 2 2 1 2 2 2 2 2 2 2 2 2 2 2 2 2 2 2 2 2 2 2 2 2 2 2 2 2 2 2 2 2 2 2 2 1 2 2 2 2 2 2 2 2 2 2 2 2 2 2 2 2 2 2 2 2 2 2 2 2 2 2 2 2 2 2 2 2 1
93 3
3 3 3 3 1 3 3 3 3 1 3 3 3 3 1 3 3 3 3 1 2 2 2 3 3 3 3 1 3 3 3 3 1 3 3 3 3 1 3 3 3 3 1 2 2 1 2 3 3 3 3 1 3 3 3 3 1 3 3 3 3 1 3 3 3 3 1 2 2 2 3 3 3 3 1 3 3 3 3 1 3 3 3 3 1 3 3 3 3 1 2 2 2
100 3
3 3 3 3 3 3 1 1 1 1 1 1 1 1 1 1 1 1 1 1 1 1 1 1 1 2 2 2 1 1 1 1 1 1 1 1 1 1 1 1 1 1 1 1 1 1 1 2 2 2 3 3 3 3 3 3 1 1 1 1 1 1 1 1 1 1 1 1 1 1 1 1 1 1 1 2 2 2 1 1 1 1 1 1 1 1 1 1 1 1 1 1 1 1 1 1 1 2 2 2
83 3
1 3 1 3 1 3 1 2 2 2 2 2 2 3 1 3 1 3 1 3 1 2 2 2 2 2 2 3 1 3 1 3 1 3 1 2 2 2 2 2 2 3 1 3 1 3 1 3 1 2 2 2 2 2 2 3 1 3 1 3 1 3 1 2 2 2 2 2 2 3 1 3 1 3 1 3 1 2 2 2 2 2 2
91 3
3 3 3 1 2 2 2 2 2 1 2 2 2 2 2 3 3 3 1 2 2 2 2 2 1 2 2 2 2 2 2 3 3 3 1 2 2 2 2 2 1 2 2 2 2 2 3 3 3 1 2 2 2 2 2 1 2 2 2 2 2 3 3 3 1 2 2 2 2 2 1 2 2 2 2 2 3 3 3 1 2 2 2 2 2 1 2 2 2 2 2
100 3
2 2 2 2 2 2 2 2 2 2 2 2 3 3 3 2 2 2 2 2 2 2 2 2 2 2 2 3 3 3 2 2 2 2 2 2 2 2 2 2 2 2 3 3 3 2 2 2 2 2 2 2 2 2 2 2 2 2 2 2 2 2 2 2 2 2 2 2 2 2 2 2 2 2 2 2 2 2 2 2 2 2 2 2 2 2 2 2 2 2 2 2 2 2 2 2 2 2 2 2
100 3
3 3 3 3 1 1 1 1 1 1 1 1 1 1 1 1 1 1 1 1 1 2 2 2 2 2 2 1 1 1 1 1 1 1 1 1 1 1 1 1 1 1 1 1 2 2 2 2 2 2 3 3 3 3 1 1 1 1 1 1 1 1 1 1 1 1 1 1 1 1 1 2 2 2 2 2 2 1 1 1 1 1 1 1 1 1 1 1 1 1 1 1 1 1 2 2 2 2 2 2
97 3
2 3 3 3 3 2 3 3 3 3 2 3 3 3 3 2 3 3 3 3 2 3 3 3 3 2 3 3 3 3 1 1 1 1 1 1 1 1 1 1 1 1 1 1 1 1 1 1 1 1 1 1 1 1 1 1 1 1 1 1 1 1 1 1 1 1 1 1 1 1 1 1 1 1 1 1 1 1 1 1 1 1 1 1 1 1 1 1 1 1 1 1 1 1 1 1 1
90 3
3 3 1 1 3 3 1 1 3 3 1 1 2 2 2 3 3 1 1 3 3 1 1 3 3 1 1 2 2 2 3 3 1 1 3 3 1 1 3 3 1 1 2 2 2 3 3 1 1 3 3 1 1 3 3 1 1 2 2 2 3 3 1 1 3 3 1 1 3 3 1 1 2 2 2 3 3 1 1 3 3 1 1 3 3 1 1 2 2 2
83 3
3 2 2 3 2 2 3 2 2 3 2 2 3 2 2 1 1 1 1 1 1 3 2 2 3 2 2 3 2 2 3 2 2 3 2 2 1 1 1 1 1 1 3 2 2 3 2 2 3 2 2 3 2 2 3 2 2 1 1 1 1 1 3 2 2 3 2 2 3 2 2 3 2 2 3 2 2 1 1 1 1 1 1
9 3
1 3 3 1 2 2 1 3 3
94 3
1 1 1 1 1 1 2 2 2 2 3 2 2 2 2 3 2 2 2 2 3 2 2 2 2 3 2 2 2 2 3 1 1 1 1 1 1 1 2 2 2 2 3 2 2 2 2 3 2 2 2 2 3 2 2 2 2 3 2 2 2 2 3 1 1 1 1 1 1 2 2 2 2 3 2 2 2 2 3 2 2 2 2 3 2 2 2 2 3 2 2 2 2 3
96 3
2 2 2 3 3 3 3 2 3 2 2 2 3 3 3 3 3 3 2 2 2 3 3 3 3 3 3 2 2 2 3 3 3 3 3 3 2 2 2 3 3 3 3 3 3 1 1 1 2 2 2 3 3 3 3 3 3 2 2 2 3 3 3 3 3 3 2 2 2 3 3 3 3 3 3 2 2 2 3 3 3 3 3 3 2 2 2 3 3 3 3 3 3 1 1 1
97 3
3 3 3 3 3 3 3 3 1 1 1 1 1 1 3 3 2 3 3 3 3 3 3 1 1 1 1 1 1 3 3 3 3 3 3 3 3 1 1 1 1 1 1 2 2 2 2 2 2 3 3 3 3 3 3 3 3 1 1 1 1 1 1 3 3 3 3 3 3 3 3 1 1 1 1 1 1 3 3 3 3 3 3 3 3 1 1 1 1 1 1 2 2 2 2 2 2
99 3
2 2 3 3 3 3 3 3 3 3 1 1 1 1 3 3 3 3 3 3 3 3 1 1 1 1 3 3 3 3 3 3 3 3 1 1 1 1 3 3 3 3 3 3 3 3 1 1 1 1 2 2 3 3 3 3 3 3 3 3 1 1 1 1 3 3 3 3 3 3 3 3 1 1 1 1 3 3 3 3 3 3 3 1 1 1 1 3 3 3 3 3 3 3 3 1 1 1 1
99 3
3 3 3 3 3 3 3 3 3 3 3 3 3 3 3 3 3 3 3 3 3 3 3 3 3 3 3 1 1 1 1 3 3 3 3 3 3 3 3 3 3 3 3 3 3 3 3 3 3 3 3 3 3 3 3 3 3 3 1 1 1 1 3 3 3 3 3 3 3 3 3 3 3 3 3 3 3 3 3 3 3 3 3 3 3 3 3 3 3 1 1 1 1 3 3 3 3 3 3
100 3
2 2 2 2 2 2 2 2 2 2 2 2 2 2 2 2 2 2 2 2 2 2 2 2 2 2 2 2 3 3 3 1 1 2 2 2 2 2 2 2 2 2 2 2 2 2 2 2 2 2 2 2 2 2 2 2 2 2 2 2 2 3 3 3 1 1 2 2 2 2 2 2 2 2 2 2 2 2 2 2 2 2 2 2 2 2 2 2 2 2 2 2 2 2 2 3 3 3 1 1
100 3
3 3 3 3 3 3 3 3 3 3 3 3 3 3 3 3 1 1 1 1 1 1 1 1 1 1 1 1 1 1 2 2 2 3 3 3 3 3 3 3 3 3 3 3 3 3 3 3 3 1 1 1 1 1 1 1 1 1 1 1 1 1 1 2 2 2 3 3 3 3 3 2 3 3 3 3 3 3 3 3 3 3 3 1 1 1 1 1 1 1 1 1 1 1 1 1 1 2 2 2
96 3
1 1 1 2 2 2 2 2 2 2 2 2 3 3 3 3 1 1 1 2 2 2 2 2 2 2 2 2 3 3 3 3 1 1 1 2 2 2 2 2 2 2 2 2 3 3 3 3 1 1 1 2 2 2 2 2 2 2 2 2 3 3 3 3 1 1 1 2 2 2 2 2 2 2 2 2 3 3 3 3 1 1 1 2 2 2 2 2 2 2 2 2 3 3 3 3
96 3
1 2 3 3 2 3 3 2 3 3 2 3 3 2 3 3 2 3 3 1 2 3 3 2 3 3 2 3 3 2 3 3 2 3 3 2 3 3 1 2 3 3 2 3 3 2 3 3 2 3 3 3 2 3 3 2 3 3 1 2 3 3 2 3 3 2 3 3 2 3 3 2 3 3 2 3 3 1 2 3 3 2 3 3 2 3 3 2 3 3 2 3 3 2 3 3
100 3
2 2 2 3 3 3 3 3 3 3 3 3 3 3 3 3 3 3 3 3 3 3 3 3 3 3 3 3 1 1 1 1 1 2 2 2 3 3 3 3 3 3 3 3 3 3 3 3 3 3 3 3 3 3 3 3 3 3 3 3 3 3 1 1 1 1 1 2 2 2 3 3 3 3 3 3 3 3 3 3 3 3 3 3 3 3 3 3 3 3 3 3 3 3 3 1 1 1 1 1
92 3
2 2 2 2 2 2 2 2 2 2 2 2 2 2 2 2 2 2 2 2 2 2 2 2 2 2 2 2 2 2 2 2 2 2 2 2 2 2 2 2 2 2 3 3 3 3 2 2 2 2 2 2 2 2 2 2 2 2 2 2 2 2 2 2 2 2 2 2 2 2 2 2 2 2 2 2 2 2 2 2 2 2 2 2 2 2 2 2 3 3 3 3
1 3
1
85 3
2 2 3 2 2 3 2 2 3 2 2 3 1 1 1 1 1 2 2 3 2 2 3 2 2 3 2 2 3 1 1 1 1 1 2 2 3 2 2 3 2 2 3 2 2 3 1 1 1 1 1 2 2 3 2 2 3 2 2 3 2 2 3 1 1 1 1 1 2 2 3 2 2 3 2 2 3 2 2 3 1 1 1 1 1
99 3
3 1 1 1 1 1 1 1 1 1 1 2 2 2 2 2 2 1 1 1 1 1 1 1 1 1 1 2 2 2 2 2 2 3 1 1 1 1 1 1 1 1 1 1 2 2 2 2 2 2 1 1 1 1 1 1 1 1 1 1 2 2 2 2 2 2 3 1 1 1 1 1 1 1 1 1 1 2 2 2 2 2 2 1 1 1 1 1 1 1 1 1 1 2 2 2 2 2 2
98 3
2 3 3 3 1 1 1 1 1 3 3 3 1 1 1 1 1 3 3 3 1 1 1 1 1 3 3 3 1 1 1 1 1 3 3 3 1 1 1 1 1 3 3 3 1 1 1 1 1 2 3 3 3 1 1 1 1 1 3 3 3 1 1 1 1 1 3 3 3 1 1 1 1 1 3 3 3 1 1 1 1 1 3 3 3 1 1 1 1 1 3 3 3 1 1 1 1 1
100 3
2 2 2 2 2 3 3 3 3 1 3 3 3 3 1 3 3 3 3 1 2 2 2 2 2 3 3 3 3 1 3 3 3 3 1 3 3 3 3 1 2 2 2 2 2 3 3 3 3 1 3 3 3 3 1 3 3 3 3 1 2 2 2 2 2 3 3 3 3 1 3 3 3 3 1 3 3 3 3 1 2 2 2 2 2 3 3 3 3 1 3 3 3 3 1 3 3 3 3 1
97 3
3 3 3 3 1 1 1 1 1 1 1 1 1 1 2 2 2 2 1 1 1 1 1 1 1 1 1 1 2 2 2 2 3 3 3 3 1 1 1 1 1 1 1 1 1 1 2 2 2 2 1 1 1 1 1 1 1 1 1 1 2 2 2 2 3 3 3 3 1 1 1 1 1 1 1 1 1 1 2 2 2 2 1 1 1 1 1 1 1 1 1 1 2 2 2 2 2
89 3
2 2 3 3 1 1 1 3 3 1 1 1 3 3 1 1 1 3 3 1 1 1 2 2 3 3 1 1 1 3 3 1 1 1 3 3 1 1 1 3 3 1 1 1 2 2 3 3 1 1 1 3 3 1 1 1 3 3 1 1 1 3 3 1 1 1 2 3 2 3 3 1 1 1 3 3 1 1 1 3 3 1 1 1 3 3 1 1 1
84 3
1 1 1 1 1 2 2 2 2 2 2 2 2 2 1 1 1 1 1 2 2 2 2 2 2 2 2 2 1 1 1 1 1 2 2 2 2 2 2 2 2 2 1 1 1 1 1 2 2 2 2 2 2 2 2 2 1 1 1 1 1 2 2 2 2 2 2 2 2 2 1 1 1 1 1 2 2 2 2 2 2 2 2 2
100 3
1 1 2 2 2 1 1 2 2 2 1 1 2 2 2 1 1 2 2 2 1 1 2 2 2 1 1 2 2 2 3 3 3 3 3 3 3 3 3 3 3 3 3 3 3 3 3 3 3 3 3 3 3 3 3 3 3 3 3 3 3 3 3 3 3 3 3 3 3 3 3 3 3 3 3 3 3 3 3 3 3 3 3 3 3 3 3 3 3 3 3 3 3 3 3 3 3 3 3 3
97 3
2 1 1 1 1 1 1 1 1 1 1 3 3 3 3 3 2 1 1 1 1 1 1 1 1 1 1 3 3 3 3 3 2 1 1 1 1 1 1 1 1 1 1 3 3 3 3 3 2 1 1 1 1 1 2 1 1 1 1 1 3 3 3 3 3 2 1 1 1 1 1 1 1 1 1 1 3 3 3 3 3 2 1 1 1 1 1 1 1 1 1 1 3 3 3 3 3
100 1
1 1 1 1 1 1 1 1 1 1 1 1 1 1 1 1 1 1 1 1 1 1 1 1 1 1 1 1 1 1 1 1 1 1 1 1 1 1 1 1 1 1 1 1 1 1 1 1 1 1 1 1 1 1 1 1 1 1 1 1 1 1 1 1 1 1 1 1 1 1 1 1 1 1 1 1 1 1 1 1 1 1 1 1 1 1 1 1 1 1 1 1 1 1 1 1 1 1 1 1
99 3
3 3 3 3 2 2 2 2 2 1 1 1 1 1 1 1 1 1 1 1 3 3 3 3 2 2 2 2 2 1 1 1 1 1 1 1 1 1 1 1 3 3 3 3 2 2 2 2 2 1 1 1 1 1 1 1 1 1 1 1 3 3 3 3 2 2 2 2 1 1 1 1 1 1 1 1 1 1 1 3 3 3 3 2 2 2 2 2 1 1 1 1 1 1 1 1 1 1 1
84 3
2 1 1 1 2 1 1 1 2 1 1 1 2 1 1 1 2 1 1 1 3 2 1 1 1 2 1 1 1 2 1 1 1 2 1 1 1 2 1 1 1 3 2 1 1 1 2 1 1 1 2 1 1 1 2 1 1 1 2 1 1 1 3 2 1 1 1 2 1 1 1 2 1 1 1 2 1 1 1 2 1 1 1 3
99 3
2 3 1 2 3 1 2 3 1 2 3 1 2 3 1 2 3 1 2 3 1 2 3 1 2 3 1 2 3 1 2 3 1 2 3 1 2 3 1 2 3 1 2 3 1 2 3 1 2 3 1 2 3 1 2 3 1 2 3 1 2 3 1 2 3 1 2 3 1 2 3 1 2 3 1 2 3 1 2 3 1 2 3 1 2 3 1 2 3 1 2 3 1 2 3 1 2 3 1
98 3
2 2 2 2 2 2 2 2 2 2 2 2 2 2 2 2 2 2 2 2 2 2 2 2 2 2 2 2 2 2 2 2 2 2 2 2 2 2 2 2 2 2 2 1 2 2 2 2 2 2 2 2 2 2 2 2 2 2 2 2 2 2 2 2 2 2 2 2 2 2 2 2 2 2 2 2 2 2 2 2 2 2 2 2 2 2 2 2 2 3 3 1 3 3 1 3 3 1
100 2
2 1 2 1 2 1 2 1 2 1 2 1 2 1 2 1 2 1 2 1 2 1 2 1 2 1 2 1 2 1 2 1 2 1 2 1 2 1 2 1 2 1 2 1 2 1 2 1 2 1 2 1 2 1 2 1 2 1 2 1 2 1 2 1 2 1 2 1 2 1 2 1 2 1 2 1 2 1 2 1 2 1 2 1 2 1 2 1 2 1 2 1 2 1 2 1 2 1 2 1
95 3
3 3 3 3 2 2 2 3 3 3 3 2 2 2 1 1 1 1 1 3 3 3 3 2 2 2 3 3 3 3 2 2 2 1 1 1 1 1 3 3 3 3 2 2 2 3 3 3 3 2 2 2 1 1 1 1 1 3 3 3 3 2 2 2 3 3 3 3 2 2 2 1 1 1 1 1 3 3 3 3 2 2 2 3 3 3 3 2 2 2 1 1 1 1 1
100 3
3 3 3 3 3 3 1 1 1 2 2 2 2 1 1 1 2 2 2 2 3 3 3 3 3 3 1 1 1 2 2 2 2 1 1 1 2 2 2 2 3 3 3 3 3 3 1 1 1 2 2 2 2 1 1 1 2 2 2 2 3 3 3 3 3 3 1 1 1 2 2 2 2 3 1 1 2 2 2 2 3 3 3 3 3 3 1 1 1 2 2 2 2 1 1 1 2 2 2 2
99 3
1 1 1 1 1 1 1 1 1 1 1 1 2 2 2 1 1 1 1 1 1 1 1 1 1 1 2 2 2 3 3 3 3 3 3 3 3 3 3 3 3 3 3 3 3 3 3 3 3 3 3 3 3 3 3 3 3 3 3 3 3 3 3 3 3 3 3 3 3 3 3 3 3 3 3 3 3 3 3 3 3 3 3 3 3 3 3 3 3 3 3 3 3 3 3 3 3 3 3
99 3
3 3 3 1 1 1 1 1 1 1 1 1 1 1 1 1 1 1 1 1 1 1 1 1 1 1 1 1 1 1 1 1 2 3 3 3 1 1 1 1 1 1 1 1 1 1 1 1 1 1 1 1 1 1 1 1 1 1 1 1 1 1 1 1 1 2 3 3 3 1 1 1 1 1 1 1 1 1 1 1 1 1 1 1 1 1 1 1 1 1 1 1 1 1 1 1 1 1 2
98 3
2 1 1 1 1 1 1 1 1 1 1 1 1 1 1 1 1 1 1 1 1 1 1 1 3 1 1 1 1 1 1 1 1 1 1 1 1 1 1 1 1 1 1 1 1 1 1 1 3 2 1 1 1 1 1 1 1 1 1 1 1 1 1 1 1 1 1 1 1 1 1 1 1 3 1 1 1 1 1 1 1 1 1 1 1 1 1 1 1 1 1 1 1 1 1 1 1 3
92 3
3 3 3 3 3 3 3 1 1 1 1 3 3 3 3 3 3 1 1 1 1 3 3 3 3 3 3 1 1 1 1 3 3 3 3 3 3 3 1 1 1 1 3 3 3 3 3 3 1 1 1 1 3 3 3 3 3 3 1 1 1 1 3 3 3 3 3 3 1 1 1 1 3 3 3 3 3 3 1 1 1 1 3 3 3 3 3 3 1 1 1 1
100 2
1 1 1 1 1 1 1 1 1 1 1 1 1 1 1 1 1 1 1 1 1 1 1 2 2 1 1 1 1 1 1 1 1 1 1 1 1 1 1 1 1 1 1 1 1 1 1 1 2 2 1 1 1 1 1 1 1 1 1 1 1 1 1 1 1 1 1 1 1 1 1 1 1 2 2 1 1 1 1 1 1 1 1 1 1 1 1 1 1 1 1 1 1 1 1 1 1 1 2 2
100 3
2 2 2 2 2 3 3 3 3 3 3 3 3 3 3 2 3 3 3 3 3 3 3 3 3 2 2 2 2 2 3 3 3 3 3 3 3 3 3 3 3 3 3 3 3 3 3 3 3 3 2 2 2 2 2 3 3 3 3 3 3 3 3 3 3 3 3 3 3 3 3 3 3 3 3 2 2 2 2 2 3 3 3 3 3 3 3 3 3 3 3 3 3 3 3 3 3 3 3 3
100 3
2 2 2 2 2 2 2 2 2 2 2 2 1 1 1 2 2 2 2 2 2 2 2 2 2 2 2 1 1 1 2 2 2 2 2 2 2 2 2 2 2 2 1 1 1 3 3 3 3 3 2 2 2 2 2 2 2 2 2 2 2 2 1 1 1 2 2 2 2 2 2 2 2 2 2 2 2 1 1 1 2 2 2 2 2 2 2 2 2 2 2 2 1 1 1 3 3 3 3 3
99 3
1 1 1 1 1 1 1 1 2 2 2 2 2 2 1 1 1 1 1 1 1 1 2 2 2 2 2 2 3 3 3 3 3 1 1 1 1 1 1 1 1 2 2 2 2 2 2 1 1 1 1 1 1 1 1 2 2 2 2 2 2 3 3 3 3 3 1 1 1 1 1 1 1 1 2 2 2 2 2 2 1 1 1 1 1 1 1 1 2 2 2 2 2 2 3 3 3 3 3
96 3
3 3 2 2 2 2 2 2 2 2 2 2 2 2 2 2 3 3 2 2 2 2 2 2 2 2 2 2 2 2 2 2 3 3 2 2 2 2 2 2 2 2 2 2 2 2 2 2 3 3 2 2 2 2 2 2 2 2 2 2 2 2 2 2 3 3 2 2 2 2 2 2 2 2 2 2 2 2 2 2 3 3 2 2 2 2 2 2 2 2 2 2 2 2 2 2
90 3
3 3 3 2 3 3 3 2 3 3 3 2 3 3 3 2 1 1 3 3 3 2 3 3 3 2 3 3 3 2 3 3 3 2 1 1 3 3 3 2 3 3 3 2 3 3 3 2 3 3 3 2 1 1 3 3 3 2 3 3 3 2 3 3 3 1 3 3 3 2 1 1 3 3 3 2 3 3 3 2 3 3 3 2 3 3 3 2 1 1
100 3
3 3 3 3 3 3 3 3 3 3 3 1 3 3 3 3 3 3 3 3 3 3 3 1 3 3 3 3 3 3 3 3 3 3 3 1 3 3 3 3 3 3 3 3 3 3 3 1 2 2 3 3 3 3 3 3 3 3 3 3 3 1 3 3 3 3 3 3 3 3 3 3 1 1 3 3 3 3 3 3 3 3 3 3 3 1 3 3 3 3 3 3 3 3 3 3 3 1 2 2
89 3
3 2 2 2 2 2 3 2 2 2 2 2 1 1 1 2 2 2 2 2 3 2 2 2 2 2 1 1 1 3 2 2 2 2 2 3 2 2 2 2 2 1 1 1 3 2 2 2 2 2 3 2 2 2 2 2 1 1 1 3 2 2 2 2 2 3 2 2 2 2 2 1 1 1 3 2 2 2 2 2 3 2 2 2 2 2 1 1 1
99 3
2 2 1 1 1 1 1 3 3 3 3 3 3 3 3 3 3 3 3 3 3 3 3 3 2 2 2 1 1 1 1 1 3 3 3 3 3 3 3 3 3 3 3 3 3 3 3 3 3 2 2 2 1 1 1 1 1 3 3 3 3 3 3 3 3 3 3 3 3 3 3 3 3 3 2 2 2 1 1 1 1 1 3 3 3 3 3 3 3 3 3 3 3 3 3 3 3 3 3
96 3
3 3 3 3 1 3 3 3 3 1 3 3 3 3 1 3 3 3 3 1 3 3 3 3 1 3 3 3 3 1 2 2 3 3 3 3 1 3 3 3 3 1 3 3 3 3 1 3 3 3 3 1 3 3 3 3 1 3 3 3 3 1 2 2 3 3 3 3 1 3 3 3 3 1 3 3 3 3 1 3 3 3 3 1 3 3 3 3 1 3 3 3 3 1 2 2
95 3
3 3 3 3 3 1 1 1 1 1 2 2 1 1 1 1 1 2 2 3 3 3 3 3 1 1 1 1 1 2 2 1 1 1 1 1 2 2 3 3 3 3 3 1 1 1 1 1 2 2 1 1 1 1 1 2 2 3 3 3 3 3 1 1 1 1 1 2 2 1 1 1 1 1 2 2 3 3 3 3 3 1 1 1 1 1 2 2 1 1 1 1 1 2 2
99 3
2 2 2 1 1 1 1 1 1 1 1 1 1 1 1 1 1 1 1 1 1 1 3 3 3 3 3 3 3 3 3 3 3 2 2 2 1 1 1 1 1 1 1 1 1 1 1 1 1 1 1 1 1 1 1 3 3 3 3 3 3 3 3 3 3 3 2 2 2 1 1 1 1 1 1 1 1 1 1 1 1 1 1 1 1 1 1 1 3 3 3 3 3 3 3 3 3 3 3
96 3
2 2 2 2 2 2 2 1 1 1 3 3 3 3 3 3 2 2 2 2 2 2 2 1 1 1 3 3 3 3 3 3 2 2 2 2 2 2 2 1 1 1 3 3 3 3 3 3 2 2 2 2 2 2 2 1 1 1 3 3 3 3 3 3 2 2 2 2 2 2 2 1 1 1 3 3 3 3 3 3 2 2 2 2 2 2 2 1 1 1 3 3 3 3 3 3
100 3
2 2 2 2 2 2 2 2 2 2 2 2 2 2 2 2 2 1 1 1 1 1 1 1 1 2 2 2 2 2 2 2 2 2 2 2 2 2 2 2 2 2 1 1 1 1 1 1 1 1 2 2 2 2 2 2 2 2 2 2 2 2 2 2 2 2 2 1 1 1 1 1 1 1 1 2 2 2 2 2 2 2 2 2 2 2 2 2 2 2 2 2 1 1 1 1 1 1 1 1
100 3
3 3 3 3 3 2 2 2 2 2 2 2 2 2 2 2 2 1 1 1 3 3 3 3 3 2 2 2 2 2 2 2 2 2 2 2 2 1 1 1 3 3 3 3 3 2 2 2 2 2 2 2 2 2 2 2 2 1 1 1 3 3 3 3 3 2 2 2 2 2 2 2 2 2 2 2 2 1 1 1 2 3 3 3 3 2 2 2 2 2 2 2 2 2 2 2 2 1 1 1
97 3
3 2 2 2 2 2 2 2 1 1 1 1 1 2 2 2 2 2 2 2 1 1 1 1 1 2 2 2 2 2 2 2 1 1 1 1 1 2 2 2 2 2 2 2 1 1 1 1 1 3 2 2 2 2 2 2 2 1 1 1 1 1 2 2 2 2 2 2 1 1 1 1 1 2 2 2 2 2 2 2 1 1 1 1 1 2 2 2 2 2 2 2 1 1 1 1 1
95 3
3 3 3 3 3 3 3 2 2 3 3 3 3 3 3 3 2 2 1 3 3 3 3 3 3 3 2 2 3 3 3 3 3 3 3 2 2 1 3 3 3 3 3 3 3 2 2 3 3 3 3 3 3 3 2 2 1 3 3 3 3 3 3 3 2 2 3 3 3 3 3 3 3 2 2 1 3 3 3 3 3 3 3 2 2 3 3 3 3 3 3 3 2 2 1
99 3
3 3 1 1 1 1 1 1 3 3 1 1 1 1 1 1 3 3 1 1 1 1 1 1 3 3 1 1 1 1 1 1 3 3 1 1 1 1 1 1 3 3 1 1 1 1 1 1 2 3 2 3 1 1 1 1 1 1 3 3 1 1 1 1 1 1 3 3 1 1 1 1 1 1 3 3 1 1 1 1 1 1 3 3 1 1 1 1 1 1 3 3 1 1 1 1 1 1 2
90 3
3 2 3 2 3 2 3 2 3 2 1 1 1 1 1 3 2 3 2 3 2 3 2 3 2 1 1 1 1 1 3 2 3 2 3 2 3 2 3 2 1 1 1 1 1 3 2 3 2 3 2 3 2 3 2 1 1 1 1 1 3 2 3 2 3 2 3 2 3 2 1 1 1 1 1 3 2 3 2 3 2 3 2 3 2 1 1 1 1 1
100 3
1 1 1 1 1 1 1 1 1 1 1 1 2 2 3 2 2 2 2 2 2 2 2 2 2 2 2 2 2 2 2 2 2 2 2 2 2 2 2 2 2 2 2 2 2 2 2 2 2 2 2 2 2 2 2 2 2 2 2 2 2 2 3 3 3 3 3 3 3 3 3 3 3 3 3 3 3 3 3 3 3 3 3 3 3 3 3 3 3 3 3 3 3 3 3 3 3 3 3 3
99 3
3 3 3 3 1 1 3 3 3 3 1 1 3 3 3 3 1 1 3 3 3 3 1 1 2 3 3 3 3 1 1 3 3 3 3 1 1 3 3 3 3 1 1 3 3 3 3 1 1 2 3 3 3 3 1 1 3 3 3 3 1 1 3 3 3 3 1 1 3 3 3 3 1 1 2 3 3 3 3 1 1 3 3 3 3 1 1 3 3 3 3 1 1 3 3 3 3 1 2
97 3
3 3 3 2 2 2 2 2 2 2 2 2 2 1 1 1 1 1 2 2 2 2 2 2 2 2 2 2 1 1 1 1 1 2 2 2 2 2 2 2 2 2 2 1 1 1 1 1 3 3 3 2 2 2 2 2 2 2 2 2 2 1 1 1 1 1 1 2 2 2 2 2 2 2 2 2 2 1 1 1 1 1 2 2 2 2 2 2 2 2 2 2 1 1 1 1 1
98 3
3 3 3 1 1 1 1 1 1 1 1 1 1 1 1 1 2 2 1 1 1 1 1 1 1 1 1 1 1 1 1 2 2 3 3 3 1 1 1 1 1 1 1 1 1 1 1 1 1 2 2 1 1 1 1 1 1 1 1 1 1 1 1 1 2 2 3 3 3 1 1 1 1 1 1 1 1 1 1 1 1 2 2 1 1 1 1 1 1 1 1 1 1 1 1 1 2 2
96 3
3 3 2 2 2 3 3 2 2 2 3 3 2 2 2 3 3 2 2 2 3 3 2 2 2 3 3 2 2 2 1 1 3 3 2 2 2 3 3 2 2 2 3 3 2 2 2 3 3 2 2 2 3 3 2 2 2 3 3 2 2 2 1 1 3 3 2 2 2 3 3 2 2 2 3 3 2 2 2 3 3 2 2 2 3 3 2 2 2 3 3 2 2 2 1 1
100 3
2 2 2 2 2 2 2 2 2 2 2 2 2 2 2 2 2 2 2 2 2 2 2 2 2 2 2 2 2 2 2 2 2 2 2 2 2 2 2 2 2 2 2 2 2 2 1 1 3 3 1 2 2 2 2 2 2 2 2 2 2 2 2 2 2 2 2 2 2 2 2 2 2 2 2 2 2 2 2 2 2 2 2 2 2 2 2 2 2 2 2 2 2 2 2 2 1 1 3 3
99 1
1 1 1 1 1 1 1 1 1 1 1 1 1 1 1 1 1 1 1 1 1 1 1 1 1 1 1 1 1 1 1 1 1 1 1 1 1 1 1 1 1 1 1 1 1 1 1 1 1 1 1 1 1 1 1 1 1 1 1 1 1 1 1 1 1 1 1 1 1 1 1 1 1 1 1 1 1 1 1 1 1 1 1 1 1 1 1 1 1 1 1 1 1 1 1 1 1 1 1
100 3
1 1 1 1 1 2 3 3 3 3 3 3 3 3 3 3 3 3 3 3 1 1 1 1 1 2 3 3 3 3 3 3 3 3 3 3 3 3 3 3 1 1 1 1 1 2 3 3 3 3 3 3 3 3 3 3 3 3 3 3 1 1 1 1 1 2 3 3 3 3 3 3 3 3 3 3 3 3 3 3 1 1 1 1 1 2 3 3 3 3 3 3 3 3 3 3 3 3 3 3
100 3
2 2 2 2 2 2 1 1 2 2 2 2 2 2 1 1 1 2 2 2 2 2 1 1 1 2 2 2 2 2 2 1 1 1 2 2 2 2 2 1 1 1 2 2 2 2 2 1 1 1 2 2 2 2 2 2 1 1 1 2 2 2 2 2 1 1 1 2 2 2 2 2 1 1 1 2 2 2 2 2 2 1 1 1 2 2 2 2 2 1 1 1 2 2 2 2 2 1 1 1
