100
5 3
3 3 1 3 3
98 3
3 1 1 1 1 1 1 1 1 1 1 1 1 1 1 1 1 1 1 1 2 2 2 2 2 1 1 1 1 1 1 1 1 1 1 1 1 1 1 1 1 1 1 1 2 2 2 2 2 3 1 1 1 1 1 1 1 1 1 1 1 1 1 1 1 1 1 1 1 2 2 2 2 2 1 1 1 1 1 1 1 1 1 1 1 1 1 1 1 1 1 1 1 2 2 2 2 2
1 2
1
100 3
3 3 3 3 3 3 3 2 2 2 2 2 3 3 3 3 3 3 3 2 2 2 2 2 1 3 3 3 3 3 3 3 2 2 2 2 2 3 3 3 3 3 3 3 2 2 2 2 2 1 3 3 3 3 3 3 3 2 2 2 2 2 3 3 3 3 3 3 3 2 2 2 2 2 1 3 3 3 3 3 3 3 2 2 2 2 2 3 3 3 3 3 3 3 2 2 2 2 2 1
100 3
1 1 1 1 1 1 1 1 1 1 1 1 1 1 1 1 1 1 1 1 1 1 1 1 1 1 1 1 1 1 1 1 1 1 1 1 1 1 2 2 2 2 2 2 3 3 3 3 3 3 1 1 1 1 1 1 1 1 1 1 1 1 1 1 1 1 1 1 1 1 1 1 1 1 1 1 1 1 1 1 1 1 1 1 1 1 1 1 2 2 2 2 2 2 3 3 3 3 3 3
99 3
1 1 1 1 1 2 2 2 2 2 3 3 2 2 2 2 2 3 3 2 2 2 2 2 3 3 2 2 2 2 2 3 3 1 1 1 1 1 2 2 2 2 2 3 3 2 2 2 2 2 3 3 2 2 2 2 2 3 3 2 2 2 2 2 3 3 1 1 1 1 1 2 2 2 2 2 3 3 2 2 2 2 2 3 3 2 2 2 2 2 3 3 2 2 2 2 2 3 3
5 3
3 3 3 2 3
90 3
2 2 2 1 1 1 1 1 1 3 1 1 1 1 1 1 3 1 1 1 1 1 1 3 1 1 1 1 1 1 3 1 1 1 1 1 1 3 1 1 1 1 1 1 3 2 2 2 1 1 1 1 1 1 3 1 1 1 1 1 1 3 1 1 1 1 1 1 3 1 1 1 1 1 1 3 1 1 1 1 1 1 3 1 1 1 1 1 1 3
90 3
3 3 2 2 2 2 1 1 1 2 2 2 2 1 1 1 2 2 2 2 1 1 1 2 2 2 2 1 1 1 3 3 2 2 2 2 1 1 1 2 2 2 2 1 1 1 2 2 2 2 1 1 1 2 2 2 2 1 1 1 3 3 2 2 2 2 1 1 1 2 2 2 2 1 1 1 2 2 2 2 1 1 1 2 2 2 2 1 1 1
96 3
2 2 2 2 2 2 3 1 3 1 3 1 3 1 3 1 2 2 2 2 2 2 3 1 3 1 3 1 3 1 3 1 2 2 2 2 2 2 3 1 3 1 3 1 3 1 3 1 2 2 2 2 2 2 3 1 3 1 3 1 3 1 3 1 2 2 2 2 2 2 3 1 3 1 3 1 3 1 3 1 2 2 2 2 2 2 3 1 3 1 3 1 3 1 3 1
5 3
2 1 3 3 2
96 3
1 1 1 1 1 1 3 3 3 2 2 2 2 2 2 2 1 1 1 1 1 1 3 3 3 2 2 2 2 2 2 2 1 1 1 1 1 1 3 3 3 2 2 2 2 2 2 2 1 1 1 1 1 1 3 3 3 2 2 2 2 2 2 2 1 1 1 1 1 1 3 3 3 2 2 2 2 2 2 2 1 1 1 1 1 1 3 3 3 2 2 2 2 2 2 2
100 3
2 2 2 2 2 2 2 2 2 2 1 2 2 2 2 2 2 2 2 2 2 1 2 2 2 2 2 2 2 2 2 2 1 2 2 2 2 2 2 2 2 2 2 1 3 3 3 3 3 3 2 2 2 2 2 2 2 2 2 2 1 2 2 2 2 2 2 2 2 2 2 1 2 2 2 2 2 2 2 2 2 2 1 2 2 2 2 2 2 2 2 2 2 1 3 3 3 3 3 3
100 3
1 1 1 1 1 1 1 1 1 1 1 1 1 1 1 1 1 1 1 1 1 1 1 1 1 1 1 1 1 1 1 1 1 1 1 1 1 1 1 1 1 1 1 1 1 1 1 1 1 1 1 1 1 1 1 1 1 1 1 1 1 3 3 3 3 3 3 3 3 3 3 3 3 3 3 3 3 2 2 2 2 2 2 2 2 2 2 2 2 2 2 2 2 2 2 2 2 2 2 2
5 3
2 2 1 1 3
9 3
1 3 3 1 2 2 1 3 3
100 3
3 3 3 3 1 1 1 2 2 2 2 2 1 1 1 2 2 2 2 2 3 3 3 3 1 1 1 2 2 2 2 2 1 1 1 2 2 2 2 2 3 3 3 3 1 1 1 2 2 2 2 2 1 1 1 2 2 2 2 2 3 3 3 3 1 1 1 2 2 2 2 2 1 1 1 2 2 2 2 2 3 3 3 3 1 1 1 2 2 2 2 2 1 1 1 2 2 2 2 2
93 3
2 2 2 1 1 1 1 1 1 2 2 2 1 1 1 1 1 1 2 2 2 1 1 1 1 1 1 3 3 3 3 2 2 2 1 1 1 1 1 1 2 2 2 1 1 1 1 1 1 2 2 2 1 1 1 1 1 1 3 3 3 3 2 2 2 1 1 1 1 1 1 2 2 2 1 1 1 1 1 1 2 2 2 1 1 1 1 1 1 3 3 3 3
5 3
1 3 1 2 2
99 3
3 3 3 3 2 2 2 2 2 2 2 2 2 2 2 2 2 2 2 2 2 2 1 1 1 1 1 2 2 2 2 2 2 2 2 2 2 2 2 2 2 2 2 2 2 1 1 1 1 1 3 3 3 2 2 2 2 2 2 2 2 2 2 2 2 2 2 2 2 2 2 1 1 1 1 1 2 2 2 2 2 2 2 2 2 2 2 2 2 2 2 2 2 2 1 1 1 1 1
88 3
2 2 2 3 2 2 2 3 2 2 2 3 2 2 2 3 2 2 2 3 1 1 2 2 2 3 2 2 2 3 2 2 2 3 2 2 2 3 2 2 2 3 1 1 2 2 2 3 2 2 2 3 2 2 2 3 2 2 2 3 2 2 2 3 1 1 2 2 2 3 2 2 2 3 2 2 2 3 2 2 2 3 2 2 2 3 1 1
5 3
3 3 1 2 3
5 3
2 3 2 3 3
5 3
1 3 2 3 2
84 3
1 1 1 1 2 3 2 3 2 3 2 3 2 3 1 1 1 1 2 3 2 3 2 3 2 3 2 3 1 1 1 1 2 3 2 3 2 3 2 3 2 3 1 1 1 1 2 3 2 3 2 3 2 3 2 3 1 1 1 1 2 3 2 3 2 3 2 3 2 3 1 1 1 1 2 3 2 3 2 3 2 3 2 3
96 3
3 3 3 2 2 2 2 2 2 2 2 1 1 1 1 1 3 3 3 2 2 2 2 2 2 2 2 1 1 1 1 1 3 3 3 2 2 2 2 2 2 2 2 1 1 1 1 1 3 3 3 2 2 2 2 2 2 2 2 1 1 1 1 1 3 3 3 2 2 2 2 2 2 2 2 1 1 1 1 1 3 3 3 2 2 2 2 2 2 2 2 1 1 1 1 1
72 3
2 2 1 2 1 2 1 2 1 2 1 2 2 2 1 2 1 2 1 2 1 2 1 2 2 2 1 2 1 2 1 2 1 2 1 2 2 2 1 2 1 2 1 2 1 2 1 2 2 2 1 2 1 2 1 2 1 2 1 2 2 2 1 2 1 2 1 2 1 2 1 2
100 3
3 2 2 2 3 2 2 2 3 2 2 2 3 2 2 2 3 2 2 2 3 2 2 2 1 3 2 2 2 3 2 2 2 3 2 2 2 3 2 2 2 3 2 2 2 3 2 2 2 1 3 2 2 2 3 2 2 2 3 2 2 2 3 2 2 2 3 2 2 2 3 2 2 2 1 3 2 2 2 3 2 2 2 3 2 2 2 3 2 2 2 3 2 2 2 3 2 2 2 1
5 3
2 3 3 2 2
98 3
3 1 1 1 1 1 1 1 1 1 1 1 2 2 2 2 2 1 1 1 1 1 1 1 1 1 1 1 2 2 2 2 2 1 1 1 1 1 1 1 1 1 1 1 2 2 2 2 2 3 1 1 1 1 1 1 1 1 1 1 1 2 2 2 2 2 1 1 1 1 1 1 1 1 1 1 1 2 2 2 2 2 1 1 1 1 1 1 1 1 1 1 1 2 2 2 2 2
1 3
1
5 3
3 3 2 1 3
5 3
3 1 1 2 3
5 3
2 1 1 3 1
92 3
3 3 3 1 2 2 2 1 2 2 2 1 2 2 2 1 2 2 2 1 2 2 2 3 3 3 1 2 2 2 1 2 2 2 1 2 2 2 1 2 2 2 1 2 2 2 3 3 3 1 2 2 2 1 2 2 2 1 2 2 2 1 2 2 2 1 2 2 2 3 3 3 1 2 2 2 1 2 2 2 1 2 2 2 1 2 2 2 1 2 2 2
93 3
3 1 1 1 2 2 2 1 1 1 2 2 2 1 1 1 2 2 2 1 1 1 2 2 2 1 1 1 2 2 2 3 1 1 1 2 2 2 1 1 1 2 2 2 1 1 1 2 2 2 1 1 1 2 2 2 1 1 1 2 2 2 3 1 1 1 2 2 2 1 1 1 2 2 2 1 1 1 2 2 2 1 1 1 2 2 2 1 1 1 2 2 2
100 2
2 1 2 1 2 1 2 1 2 1 2 1 2 1 2 1 2 1 2 1 2 1 2 1 2 1 2 1 2 1 2 1 2 1 2 1 2 1 2 1 2 1 2 1 2 1 2 1 2 1 2 1 2 1 2 1 2 1 2 1 2 1 2 1 2 1 2 1 2 1 2 1 2 1 2 1 2 1 2 1 2 1 2 1 2 1 2 1 2 1 2 1 2 1 2 1 2 1 2 1
5 3
3 3 2 3 3
98 3
1 1 1 1 1 1 1 1 1 1 1 1 1 1 1 1 1 1 1 1 1 1 1 1 1 1 1 1 1 1 1 1 1 1 1 1 1 1 1 1 1 1 1 1 1 1 1 1 1 1 1 1 1 1 1 1 1 1 1 1 1 1 1 1 1 1 1 1 2 2 2 2 3 3 2 2 2 2 3 3 2 2 2 2 3 3 2 2 2 2 3 3 2 2 2 2 3 3
5 3
1 1 1 1 1
96 3
2 2 3 3 3 3 3 2 2 3 3 3 3 3 2 2 3 3 3 3 3 2 2 3 3 3 3 3 2 2 3 3 3 3 3 2 2 3 3 3 3 3 1 1 1 1 1 1 2 2 3 3 3 3 3 2 2 3 3 3 3 3 2 2 3 3 3 3 3 2 2 3 3 3 3 3 2 2 3 3 3 3 3 2 2 3 3 3 3 3 1 1 1 1 1 1
95 3
2 2 2 2 2 1 3 3 3 3 3 3 1 3 3 3 3 3 3 2 2 2 2 2 1 3 3 3 3 3 3 1 3 3 3 3 3 3 2 2 2 2 2 1 3 3 3 3 3 3 1 3 3 3 3 3 3 2 2 2 2 2 1 3 3 3 3 3 3 1 3 3 3 3 3 3 2 2 2 2 2 1 3 3 3 3 3 3 1 3 3 3 3 3 3
5 3
2 1 1 1 1
99 3
1 1 1 1 1 1 3 3 3 3 3 3 3 3 3 3 3 3 3 3 3 3 3 3 3 3 3 3 3 3 3 3 3 1 1 1 1 1 1 3 3 3 3 3 3 3 3 3 3 3 3 3 3 3 3 3 3 3 3 3 3 3 3 3 3 3 1 1 1 1 1 1 3 3 3 3 3 3 3 3 3 3 3 3 3 3 3 3 3 3 3 3 3 3 3 3 3 3 3
99 3
2 3 1 2 3 1 2 3 1 2 3 1 2 3 1 2 3 1 2 3 1 2 3 1 2 3 1 2 3 1 2 3 1 2 3 1 2 3 1 2 3 1 2 3 1 2 3 1 2 3 1 2 3 1 2 3 1 2 3 1 2 3 1 2 3 1 2 3 1 2 3 1 2 3 1 2 3 1 2 3 1 2 3 1 2 3 1 2 3 1 2 3 1 2 3 1 2 3 1
5 3
1 2 3 3 1
100 3
2 2 2 2 2 2 2 2 2 2 2 2 2 2 2 2 2 2 2 2 2 2 2 2 2 2 2 2 2 2 2 2 2 2 2 2 3 3 3 3 3 3 3 3 3 3 3 2 2 2 2 2 2 2 2 2 2 2 2 2 2 2 2 2 2 2 2 2 2 2 2 2 2 2 2 2 2 2 2 2 2 2 2 2 2 2 3 3 3 3 3 3 3 3 3 3 3 2 2 2
5 3
2 3 3 1 1
5 3
2 3 2 1 3
88 3
2 2 2 3 2 2 2 3 2 2 2 3 2 2 2 3 1 1 1 1 1 1 2 2 2 3 2 2 2 3 2 2 2 3 2 2 2 3 1 1 1 1 1 1 2 2 2 3 2 2 2 3 2 2 2 3 2 2 2 3 1 1 1 1 1 1 2 2 2 3 2 2 2 3 2 2 2 3 2 2 2 3 1 1 1 1 1 1
100 3
1 1 1 1 1 1 1 1 1 1 1 1 1 1 1 2 1 1 1 1 1 1 1 1 1 1 1 1 1 1 1 2 1 1 1 1 1 1 1 1 1 1 1 1 1 1 1 2 3 3 1 1 1 1 1 1 1 1 1 1 1 1 1 1 1 2 1 1 1 1 1 1 1 1 1 1 1 1 1 1 1 2 1 1 1 1 1 1 1 1 1 1 1 1 1 1 1 2 3 3
92 3
2 2 2 1 1 1 1 2 2 2 1 1 1 1 2 2 2 1 1 1 1 3 3 2 2 2 1 1 1 1 2 2 2 1 1 1 1 2 2 2 1 1 1 1 3 3 2 2 2 1 1 1 1 2 2 2 1 1 1 1 2 2 2 1 1 1 1 3 3 2 2 2 1 1 1 1 2 2 2 1 1 1 1 2 2 2 1 1 1 1 3 3
5 3
1 3 1 3 2
100 3
2 3 3 3 3 3 3 3 3 3 3 3 1 3 3 3 3 3 3 3 3 3 3 3 1 2 3 3 3 3 3 3 3 3 3 3 3 1 3 3 3 3 3 3 3 3 3 3 3 1 2 3 3 3 3 3 3 3 3 3 3 3 1 3 3 3 3 3 3 3 3 3 3 3 1 2 3 3 3 3 3 3 3 3 3 3 3 1 3 3 3 3 3 3 3 3 3 3 3 1
5 3
1 3 1 3 3
99 3
3 3 3 3 2 2 2 2 2 2 2 2 2 2 2 2 2 2 2 2 2 2 2 2 2 1 1 1 1 1 1 1 1 3 3 3 3 2 2 2 2 2 2 2 2 2 2 2 2 2 2 2 2 2 2 2 2 2 1 1 1 1 1 1 1 1 3 3 3 3 2 2 2 2 2 2 2 2 2 2 2 2 2 2 2 2 2 2 2 2 2 1 1 1 1 1 1 1 1
94 3
2 2 2 2 2 2 2 1 1 2 2 2 2 2 2 2 1 1 2 2 2 2 2 2 2 1 1 2 2 2 2 2 2 2 1 1 2 2 2 2 2 2 2 1 1 2 2 2 2 2 2 2 2 2 1 1 2 2 2 2 2 2 2 1 1 2 2 2 2 2 2 2 1 1 2 2 2 2 2 2 2 1 1 2 2 2 2 2 2 2 1 1 2 2
95 3
1 1 1 1 3 3 2 2 2 3 3 2 2 2 3 3 2 2 2 1 1 1 1 3 3 2 2 2 3 3 2 2 2 3 3 2 2 2 1 1 1 1 3 3 2 2 2 3 3 2 2 2 3 3 2 2 2 1 1 1 1 3 3 2 2 2 3 3 2 2 2 3 3 2 2 2 1 1 1 1 3 3 2 2 2 3 3 2 2 2 3 3 2 2 2
88 3
1 3 3 1 3 3 1 3 3 1 3 3 1 3 3 1 3 3 2 2 2 2 1 3 3 1 3 3 1 3 3 1 3 3 1 3 3 1 3 3 2 2 2 2 1 3 3 1 3 3 1 3 3 1 3 3 1 3 3 1 3 3 2 2 2 2 1 3 3 1 3 3 1 3 3 1 3 3 1 3 3 1 3 3 2 2 2 2
100 3
1 1 1 1 1 1 1 1 1 1 1 1 1 1 1 1 1 1 1 1 1 1 1 1 1 1 1 1 1 1 1 1 1 1 1 1 1 1 1 1 1 1 1 1 1 1 1 1 1 1 1 1 1 1 1 1 1 1 1 1 1 1 1 1 1 1 1 1 1 1 1 1 1 1 1 1 1 1 1 1 1 1 1 1 1 1 1 1 1 1 1 1 1 1 1 1 1 1 1 1
94 3
1 1 3 3 3 3 3 3 2 2 2 3 3 3 3 3 3 2 2 2 3 3 3 3 3 3 2 2 2 3 3 3 3 3 3 2 2 2 3 3 3 3 3 3 2 2 2 1 1 3 3 3 3 3 3 2 2 2 3 3 3 3 3 3 2 2 2 3 3 3 3 3 3 2 2 2 3 3 3 3 3 3 2 2 2 3 3 3 3 3 3 2 2 2
98 2
2 2 2 2 2 2 2 2 2 2 2 2 2 2 2 2 2 2 2 2 2 2 2 2 2 2 2 2 2 2 2 1 2 2 2 2 2 2 2 2 2 2 2 2 2 2 2 2 2 2 2 2 2 2 2 2 2 2 2 2 2 2 2 2 1 2 2 2 2 2 2 2 2 2 2 2 2 2 2 2 2 2 2 2 2 2 2 2 2 2 2 2 2 2 2 2 2 1
96 3
1 1 1 1 1 1 2 2 2 2 2 2 2 2 3 3 3 3 3 2 2 2 2 2 2 2 2 3 3 3 3 3 1 1 1 1 1 1 2 2 2 2 2 2 2 2 3 3 3 3 3 2 2 2 2 2 2 2 2 3 3 3 3 3 1 1 1 1 1 1 2 2 2 2 2 2 2 2 3 3 3 3 3 2 2 2 2 2 2 2 2 3 3 3 3 3
100 3
2 2 2 2 2 2 2 2 2 2 2 2 2 2 2 2 2 2 2 2 2 2 2 2 2 2 2 2 2 2 2 2 2 2 2 2 2 2 2 2 2 2 2 2 2 2 2 2 2 2 2 2 2 2 2 2 2 2 2 2 2 2 2 2 2 2 2 2 2 2 2 2 2 2 2 2 2 2 2 2 2 2 2 2 2 2 2 2 2 2 2 2 2 3 3 1 1 1 1 1
100 3
3 3 3 3 2 2 2 2 2 2 1 1 1 1 1 1 1 1 1 1 3 3 3 3 2 2 2 2 2 2 1 1 1 1 1 1 1 1 1 1 3 3 3 3 2 2 2 2 2 2 1 1 1 1 1 1 1 1 1 1 3 3 3 3 2 2 2 2 2 2 1 1 1 1 1 1 1 1 1 1 3 3 3 3 2 2 2 2 2 2 1 1 1 1 1 1 1 1 1 1
5 3
2 3 3 1 3
5 3
2 1 1 2 3
5 3
3 3 3 3 2
90 3
1 1 1 1 2 2 2 1 1 1 1 2 2 2 3 1 1 1 1 2 2 2 1 1 1 1 2 2 2 3 1 1 1 1 2 2 2 1 1 1 1 2 2 2 3 1 1 1 1 2 2 2 1 1 1 1 2 2 2 3 1 1 1 1 2 2 2 1 1 1 1 2 2 2 3 1 1 1 1 2 2 2 1 1 1 1 2 2 2 3
99 3
2 2 2 1 1 1 1 1 1 1 1 1 3 3 1 3 3 3 1 1 1 1 1 1 1 1 1 3 3 3 3 3 3 2 2 2 1 1 1 1 1 1 1 1 1 3 3 3 3 3 3 1 1 1 1 1 1 1 1 1 3 3 3 3 3 3 2 2 2 1 1 1 1 1 1 1 1 1 3 3 3 3 3 3 1 1 1 1 1 1 1 1 1 3 3 3 3 3 3
96 3
3 3 3 3 3 2 2 2 2 2 2 1 1 1 1 1 3 3 3 3 3 2 2 2 2 2 2 1 1 1 1 1 3 3 3 3 3 2 2 2 2 2 2 1 1 1 1 1 3 3 3 3 3 2 2 2 2 2 2 1 1 1 1 1 3 3 3 3 3 2 2 2 2 2 2 1 1 1 1 1 3 3 3 3 3 2 2 2 2 2 2 1 1 1 1 1
96 3
2 2 2 2 2 2 2 2 2 2 2 2 2 2 2 2 2 2 2 2 2 2 2 2 2 2 2 2 2 2 2 2 2 2 2 2 2 2 2 2 2 2 2 2 2 2 2 2 2 2 2 2 2 2 2 2 2 2 2 2 2 2 2 2 2 2 1 3 3 3 3 3 1 3 3 3 3 3 1 3 3 3 3 3 1 3 3 3 3 3 1 3 3 3 3 3
100 2
1 2 2 2 2 2 2 2 2 2 2 2 2 2 2 2 2 2 2 2 2 2 2 2 2 1 2 2 2 2 2 2 2 2 2 2 2 2 2 2 2 2 2 2 2 2 2 2 2 2 1 2 2 2 2 2 2 2 2 2 2 2 2 2 2 2 2 2 2 2 2 2 2 2 2 1 2 2 2 2 2 2 2 2 2 2 2 2 2 2 2 2 2 2 2 2 2 2 2 2
84 3
1 1 1 1 1 2 3 3 2 3 3 2 3 3 1 1 1 1 1 2 3 3 2 3 3 2 3 3 1 1 1 1 1 2 3 3 2 3 3 2 3 3 1 1 1 1 1 2 3 3 2 3 3 2 3 3 1 1 1 1 1 2 3 3 2 3 3 2 3 3 1 1 1 1 1 2 3 3 2 3 3 2 3 3
5 3
1 3 1 1 1
99 3
3 3 3 3 3 3 3 3 3 3 3 3 3 3 3 3 3 3 3 3 3 3 3 3 3 3 3 3 3 3 3 3 3 3 3 3 3 3 3 3 3 3 3 3 3 3 3 3 3 3 3 3 3 3 3 3 3 3 3 3 3 3 3 3 3 3 3 3 3 3 3 3 3 3 3 3 3 3 3 3 3 3 3 3 3 3 3 3 3 1 1 1 1 2 1 1 1 1 2
5 3
3 1 3 1 1
5 3
3 1 1 3 3
96 3
3 3 3 3 3 3 2 2 2 2 1 1 1 1 1 2 2 2 2 1 1 1 1 1 3 3 3 3 3 3 2 2 2 2 1 1 1 1 1 2 2 2 2 1 1 1 1 1 3 3 3 3 3 3 2 2 2 2 1 1 1 1 1 2 2 2 2 1 1 1 1 1 3 3 3 3 3 3 2 2 2 2 1 1 1 1 1 2 2 2 2 1 1 1 1 1
98 3
1 1 1 1 1 2 2 2 1 1 1 1 1 2 2 2 1 1 1 1 1 2 2 2 1 1 1 1 1 2 2 2 1 1 1 1 1 2 2 2 1 1 1 1 1 2 2 2 3 1 1 1 1 1 2 2 2 1 1 1 1 1 2 2 2 1 1 1 1 1 2 2 2 1 1 1 1 1 2 2 2 1 1 1 1 1 2 2 2 1 1 1 1 1 2 2 2 3
99 3
3 3 3 3 3 3 3 3 3 3 3 3 3 3 3 3 3 3 3 3 3 3 3 3 3 3 3 3 3 3 3 3 3 3 3 3 3 3 3 1 1 1 1 1 1 2 2 2 2 2 2 1 1 1 1 1 1 2 2 2 2 2 2 1 1 1 1 1 1 2 2 2 2 2 2 1 1 1 1 1 1 2 2 2 2 2 2 1 1 1 1 1 1 2 2 2 2 2 2
96 3
3 3 3 2 2 2 2 2 2 2 2 2 2 2 1 1 3 3 3 2 2 2 2 2 2 2 2 2 2 2 1 1 3 3 3 2 2 2 2 2 2 2 2 2 2 2 1 1 3 3 3 2 2 2 2 2 2 2 2 2 2 2 1 1 3 3 3 2 2 2 2 2 2 2 2 2 2 2 1 1 3 3 3 2 2 2 2 2 2 2 2 2 2 2 1 1
100 3
3 3 1 1 1 1 1 1 1 1 1 1 2 2 1 1 1 1 1 1 1 1 1 1 2 2 1 1 1 1 1 1 1 1 1 1 2 2 1 1 1 1 1 1 1 1 1 1 2 2 3 3 1 1 1 1 1 1 1 1 1 1 2 2 1 1 1 1 1 1 1 1 1 1 2 2 1 1 1 1 1 1 1 1 1 1 2 2 1 1 1 1 1 1 1 1 1 1 2 2
100 1
1 1 1 1 1 1 1 1 1 1 1 1 1 1 1 1 1 1 1 1 1 1 1 1 1 1 1 1 1 1 1 1 1 1 1 1 1 1 1 1 1 1 1 1 1 1 1 1 1 1 1 1 1 1 1 1 1 1 1 1 1 1 1 1 1 1 1 1 1 1 1 1 1 1 1 1 1 1 1 1 1 1 1 1 1 1 1 1 1 1 1 1 1 1 1 1 1 1 1 1
5 3
1 3 3 3 2
100 3
1 1 1 1 3 3 3 3 3 3 3 3 3 3 3 3 3 3 3 3 3 3 3 3 2 2 2 2 2 2 2 2 2 2 2 2 2 2 2 2 2 2 2 2 2 2 2 2 2 2 1 1 1 1 3 3 3 3 3 3 3 3 3 3 3 3 3 3 3 3 3 3 3 3 2 2 2 2 2 2 2 2 2 2 2 2 2 2 2 2 2 2 2 2 2 2 2 2 2 2
5 3
2 2 2 2 1
95 3
2 2 2 2 3 3 1 1 1 3 3 1 1 1 3 3 1 1 1 2 2 2 2 3 3 1 1 1 3 3 1 1 1 3 3 1 1 1 2 2 2 2 3 3 1 1 1 3 3 1 1 1 3 3 1 1 1 2 2 2 2 3 3 1 1 1 3 3 1 1 1 3 3 1 1 1 2 2 2 2 3 3 1 1 1 3 3 1 1 1 3 3 1 1 1
5 3
1 3 2 3 1
93 3
3 2 2 2 2 2 3 2 2 2 2 2 3 2 2 2 2 2 3 2 2 2 2 2 3 2 2 2 2 2 1 3 2 2 2 2 2 3 2 2 2 2 2 3 2 2 2 2 2 3 2 2 2 2 2 3 2 2 2 2 2 1 3 2 2 2 2 2 3 2 2 2 2 2 3 2 2 2 2 2 3 2 2 2 2 2 3 2 2 2 2 2 1
5 3
2 3 3 2 1
100 3
1 1 1 2 1 1 1 2 1 1 1 2 1 1 1 2 3 3 3 3 1 1 1 2 1 1 1 2 1 1 1 2 1 1 1 2 3 3 3 3 1 1 1 2 1 1 1 2 1 1 1 2 1 1 1 2 3 3 3 3 1 1 1 2 1 1 1 2 1 1 1 2 1 1 1 2 3 3 3 3 1 1 1 2 1 1 1 2 1 1 1 2 1 1 1 2 3 3 3 3
5 3
3 1 1 2 2
93 3
2 2 2 2 3 3 3 3 3 3 3 1 1 3 3 3 3 3 3 3 1 1 3 3 3 3 3 3 3 1 1 2 2 2 2 3 3 3 3 3 3 3 1 1 3 3 3 3 3 3 3 1 1 3 3 3 3 3 3 3 1 1 2 2 2 2 3 3 3 3 3 3 3 1 1 3 3 3 3 3 3 3 1 1 3 3 3 3 3 3 3 1 1
100 3
2 2 2 2 2 2 2 2 3 3 3 3 3 3 3 3 3 3 3 3 3 3 3 3 3 3 1 1 1 1 1 3 3 3 3 3 3 3 3 3 3 3 3 3 3 3 3 3 3 1 1 1 1 1 3 3 3 3 3 3 3 3 3 3 3 3 3 3 3 3 3 3 1 1 1 1 1 3 3 3 3 3 3 3 3 3 3 3 3 3 3 3 3 3 3 1 1 1 1 1
100 3
3 1 2 2 2 2 2 2 2 2 2 2 2 2 2 2 2 2 2 2 2 2 2 2 2 3 1 2 2 2 2 2 2 2 2 2 2 2 2 2 2 2 2 2 2 2 2 2 2 2 3 1 2 2 2 2 2 2 2 2 2 2 2 2 2 2 2 2 2 2 2 2 2 2 2 3 1 2 2 2 2 2 2 2 2 2 2 2 2 2 2 2 2 2 2 2 2 2 2 2
90 3
1 3 3 2 2 2 2 2 3 3 2 2 2 2 2 1 3 3 2 2 2 2 2 3 3 2 2 2 2 2 1 3 3 2 2 2 2 2 3 3 2 2 2 2 2 1 3 3 2 2 2 2 2 3 3 2 2 2 2 2 1 3 3 2 2 2 2 2 3 3 2 2 2 2 2 1 3 3 2 2 2 2 2 3 3 2 2 2 2 2
100 3
2 2 2 2 2 2 2 2 2 2 2 2 2 2 2 2 2 2 2 2 2 2 2 2 2 2 2 2 2 2 2 2 2 1 2 2 2 2 2 2 2 2 2 2 2 2 2 2 2 2 2 2 2 2 2 2 2 2 2 2 2 2 2 2 2 2 2 1 3 3 3 3 3 3 3 3 3 3 3 3 3 3 3 3 3 3 3 3 3 3 3 3 3 3 3 3 3 3 3 3
5 3
3 1 2 2 2
100 3
2 2 2 2 2 2 3 3 3 3 3 1 1 1 1 1 1 3 3 3 3 3 1 1 1 1 1 1 3 3 3 3 3 1 1 1 1 1 1 3 3 3 3 3 1 1 1 1 1 1 2 2 2 2 2 2 3 3 3 3 3 1 1 1 1 1 1 3 3 3 3 3 1 1 1 1 1 1 3 3 3 3 3 1 1 1 1 1 1 3 3 3 3 3 1 1 1 1 1 1
