100
99 3
1 2 2 2 2 2 2 2 2 2 2 2 2 2 2 2 2 2 2 2 2 2 2 2 2 2 2 3 3 3 3 3 3 1 2 2 2 2 2 2 2 2 2 2 2 2 2 2 2 2 2 2 2 2 2 2 2 2 2 2 3 3 3 3 3 3 1 2 2 2 2 2 2 2 2 2 2 2 2 2 2 2 2 2 2 2 2 2 2 2 2 2 2 3 3 3 3 3 3
100 3
3 3 3 3 3 3 3 3 3 3 3 3 3 3 3 3 3 3 3 3 3 3 3 3 3 3 3 3 3 3 3 3 3 3 3 3 3 3 3 3 3 3 3 3 3 3 3 3 3 3 3 3 3 3 3 3 3 3 3 3 3 3 3 3 3 3 3 3 3 3 3 3 3 3 3 3 3 3 3 3 3 3 3 3 3 3 3 3 3 3 3 3 3 3 3 1 1 1 1 1
96 3
1 1 1 1 1 1 1 1 1 3 1 1 1 1 1 1 1 1 1 3 2 2 2 2 1 1 1 1 1 1 1 1 1 3 1 1 1 1 1 1 1 1 1 3 2 2 2 2 1 1 1 1 1 1 1 1 1 3 1 1 1 1 1 1 1 1 1 3 2 2 2 2 1 1 1 1 1 1 1 1 1 3 1 1 1 1 1 1 1 1 1 3 2 2 2 2
75 3
2 2 2 3 1 3 1 3 1 3 1 3 1 3 1 2 2 2 3 1 3 1 3 1 3 1 3 1 3 1 2 2 2 3 1 3 1 3 1 3 1 3 1 3 1 2 2 2 3 1 3 1 3 1 3 1 3 1 3 1 2 2 2 3 1 3 1 3 1 3 1 3 1 3 1
93 3
3 3 3 3 1 1 1 1 1 1 2 2 2 1 1 1 1 1 1 2 2 2 1 1 1 1 1 1 2 2 2 3 3 3 3 1 1 1 1 1 1 2 2 2 1 1 1 1 1 1 2 2 2 1 1 1 1 1 1 2 2 2 3 3 3 3 1 1 1 1 1 1 2 2 2 1 1 1 1 1 1 2 2 2 1 1 1 1 1 1 2 2 2
5 3
3 2 3 2 2
5 3
3 2 1 1 2
100 2
2 1 2 1 2 1 2 1 2 1 2 1 2 1 2 1 2 1 2 1 2 1 2 1 2 1 2 1 2 1 2 1 2 1 2 1 2 1 2 1 2 1 2 1 2 1 2 1 2 1 2 1 2 1 2 1 2 1 2 1 2 1 2 1 2 1 2 1 2 1 2 1 2 1 2 1 2 1 2 1 2 1 2 1 2 1 2 1 2 1 2 1 2 1 2 1 2 1 2 1
93 3
2 2 2 1 1 1 1 2 2 2 1 1 1 1 2 2 2 1 1 1 1 2 2 2 1 1 1 1 3 3 3 2 2 2 1 1 1 1 2 2 2 1 1 1 1 2 2 2 1 1 1 1 2 2 2 1 1 1 1 3 3 3 2 2 2 1 1 1 1 2 2 2 1 1 1 1 2 2 2 1 1 1 1 2 2 2 1 1 1 1 3 3 3
5 3
3 1 2 3 1
5 3
2 3 3 1 1
98 3
2 1 1 1 1 1 1 3 3 1 1 1 1 1 1 3 3 1 1 1 1 1 1 3 3 1 1 1 1 1 1 3 3 1 1 1 1 1 1 3 3 1 1 1 1 1 1 3 3 2 1 1 1 1 1 1 3 3 1 1 1 1 1 1 3 3 1 1 1 1 1 1 3 3 1 1 1 1 1 1 3 3 1 1 1 1 1 1 3 3 1 1 1 1 1 1 3 3
98 3
3 3 3 3 3 2 2 2 2 2 2 2 2 2 2 2 2 2 2 2 2 2 2 2 1 1 1 2 2 2 2 2 2 2 2 2 2 2 2 2 2 2 2 2 2 2 1 1 1 3 3 3 3 3 2 2 2 2 2 2 2 2 2 2 2 2 2 2 2 2 2 2 2 1 1 1 2 2 2 2 2 2 2 2 2 2 2 2 2 2 2 2 2 2 2 1 1 1
5 3
2 3 1 2 2
100 3
2 2 1 1 1 1 1 1 3 3 3 3 3 3 3 3 3 3 3 3 3 3 3 3 3 3 3 3 3 3 3 3 3 3 3 3 3 3 3 3 3 3 3 3 3 3 3 3 3 3 2 2 1 1 1 1 1 1 3 3 3 3 3 3 3 3 3 3 3 3 3 3 3 3 3 3 3 3 3 3 3 3 3 3 3 3 3 3 3 3 3 3 3 3 3 3 3 3 3 3
100 3
3 3 3 3 3 3 3 3 3 3 3 3 3 3 3 3 3 3 3 3 3 3 3 3 3 3 3 3 3 3 3 3 3 3 3 3 3 3 3 3 3 3 3 3 3 3 3 3 3 3 3 3 3 3 3 3 3 3 3 3 3 3 3 3 3 3 3 3 3 3 3 3 3 3 3 3 3 3 3 3 3 3 3 3 3 2 2 1 1 1 1 1 1 1 1 1 1 1 1 1
5 3
3 1 2 3 2
5 3
3 2 2 2 3
1 2
1
100 3
2 2 2 2 2 1 1 1 1 1 1 1 1 1 1 1 1 1 3 3 2 2 2 2 2 1 1 1 1 1 1 1 1 1 1 1 1 1 3 3 2 2 2 2 2 1 1 1 1 1 1 1 1 1 1 1 1 1 3 3 2 2 2 2 2 1 1 1 1 1 1 1 1 1 1 1 1 1 3 3 2 2 2 2 2 1 1 1 1 1 1 1 1 1 1 1 1 1 3 3
90 3
1 1 1 1 1 2 2 1 1 1 1 1 2 2 1 1 1 1 1 2 2 1 1 1 1 1 2 2 1 1 1 1 1 2 2 1 1 1 1 1 2 2 3 3 3 1 1 1 1 1 2 2 1 1 1 1 1 2 2 1 1 1 1 1 2 2 1 1 1 1 1 2 2 1 1 1 1 1 2 2 1 1 1 1 1 2 2 3 3 3
98 3
3 3 3 3 1 1 1 1 1 2 2 2 2 1 1 1 1 1 2 2 2 2 1 1 1 1 1 2 2 2 2 1 1 1 1 1 2 2 2 2 1 1 1 1 1 2 2 2 2 3 3 3 3 1 1 1 1 1 2 2 2 2 1 1 1 1 1 2 2 2 2 1 1 1 1 1 2 2 2 2 1 1 1 1 1 2 2 2 2 1 1 1 1 1 2 2 2 2
100 3
3 3 3 3 3 3 3 3 3 3 3 3 3 3 3 3 3 3 3 3 3 3 3 3 3 3 3 3 2 2 2 2 2 2 2 2 2 2 2 2 2 2 2 2 1 1 1 1 1 1 3 3 3 3 3 3 3 3 3 3 3 3 3 3 3 3 3 3 3 3 3 3 3 3 3 3 3 3 2 2 2 2 2 2 2 2 2 2 2 2 2 2 2 2 1 1 1 1 1 1
5 3
1 1 2 3 1
5 3
1 3 2 1 2
100 3
3 3 3 3 1 1 1 1 1 1 1 1 1 1 1 1 1 1 1 1 1 1 2 2 2 3 3 3 3 1 1 1 1 1 1 1 1 1 1 1 1 1 1 1 1 1 1 2 2 2 3 3 3 3 1 1 1 1 1 1 1 1 1 1 1 1 1 1 1 1 1 1 2 2 2 3 3 3 3 1 1 1 1 1 1 1 1 1 1 1 1 1 1 1 1 1 1 2 2 2
96 3
2 2 2 3 3 3 3 3 3 3 3 1 1 1 1 1 2 2 2 3 3 3 3 3 3 3 3 1 1 1 1 1 2 2 2 3 3 3 3 3 3 3 3 1 1 1 1 1 2 2 2 3 3 3 3 3 3 3 3 1 1 1 1 1 2 2 2 3 3 3 3 3 3 3 3 1 1 1 1 1 2 2 2 3 3 3 3 3 3 3 3 1 1 1 1 1
90 3
2 2 2 3 3 3 3 1 3 3 3 3 1 3 3 3 3 1 2 2 2 3 3 3 3 1 3 3 3 3 1 3 3 3 3 1 2 2 2 3 3 3 3 1 3 3 3 3 1 3 3 3 3 1 2 2 2 3 3 3 3 1 3 3 3 3 1 3 3 3 3 1 2 2 2 3 3 3 3 1 3 3 3 3 1 3 3 3 3 1
96 3
2 2 2 2 2 1 1 1 1 1 3 3 3 3 3 3 2 2 2 2 2 1 1 1 1 1 3 3 3 3 3 3 2 2 2 2 2 1 1 1 1 1 3 3 3 3 3 3 2 2 2 2 2 1 1 1 1 1 3 3 3 3 3 3 2 2 2 2 2 1 1 1 1 1 3 3 3 3 3 3 2 2 2 2 2 1 1 1 1 1 3 3 3 3 3 3
5 3
2 2 1 1 1
5 3
3 2 3 2 3
96 3
2 2 2 1 1 1 1 1 1 2 2 2 1 1 1 1 1 1 2 2 2 1 1 1 1 1 1 2 2 2 1 1 1 1 1 1 2 2 2 1 1 1 1 1 1 3 3 3 2 2 2 1 1 1 1 1 1 2 2 2 1 1 1 1 1 1 2 2 2 1 1 1 1 1 1 2 2 2 1 1 1 1 1 1 2 2 2 1 1 1 1 1 1 3 3 3
99 3
3 3 3 3 3 2 2 2 2 2 2 2 2 2 2 2 2 2 2 2 2 2 2 2 2 2 2 2 2 2 2 1 1 3 3 3 3 3 2 2 2 2 2 2 2 2 2 2 2 2 2 2 2 2 2 2 2 2 2 2 2 2 2 2 1 1 3 3 3 3 3 2 2 2 2 2 2 2 2 2 2 2 2 2 2 2 2 2 2 2 2 2 2 2 2 2 2 1 1
90 3
3 1 1 1 1 1 1 2 1 1 1 1 1 1 2 3 1 1 1 1 1 1 2 1 1 1 1 1 1 2 3 1 1 1 1 1 1 2 1 1 1 1 1 1 2 3 1 1 1 1 1 1 2 1 1 1 1 1 1 2 3 1 1 1 1 1 1 2 1 1 1 1 1 1 2 3 1 1 1 1 1 1 2 1 1 1 1 1 1 2
5 3
2 2 2 1 2
99 3
2 3 1 2 3 1 2 3 1 2 3 1 2 3 1 2 3 1 2 3 1 2 3 1 2 3 1 2 3 1 2 3 1 2 3 1 2 3 1 2 3 1 2 3 1 2 3 1 2 3 1 2 3 1 2 3 1 2 3 1 2 3 1 2 3 1 2 3 1 2 3 1 2 3 1 2 3 1 2 3 1 2 3 1 2 3 1 2 3 1 2 3 1 2 3 1 2 3 1
96 3
3 3 3 3 1 3 3 3 3 1 3 3 3 3 1 3 3 3 3 1 2 2 2 2 3 3 3 3 1 3 3 3 3 1 3 3 3 3 1 3 3 3 3 1 2 2 2 2 3 3 3 3 1 3 3 3 3 1 3 3 3 3 1 3 3 3 3 1 2 2 2 2 3 3 3 3 1 3 3 3 3 1 3 3 3 3 1 3 3 3 3 1 2 2 2 2
5 3
1 3 3 2 3
7 1
1 1 1 1 1 1 1
96 3
2 2 2 2 2 2 2 2 2 2 2 2 2 2 2 2 2 2 2 2 2 2 2 2 2 2 2 2 2 2 2 2 2 2 2 2 2 2 2 2 2 2 1 1 1 1 1 1 2 2 2 2 2 2 2 2 2 2 2 2 2 2 2 2 2 2 2 2 2 2 2 2 2 2 2 2 2 2 2 2 2 2 2 2 2 2 2 2 2 2 1 1 1 1 1 1
90 3
2 2 1 3 3 3 3 3 3 1 3 3 3 3 3 3 1 3 3 3 3 3 3 1 3 3 3 3 3 3 2 2 1 3 3 3 3 3 3 1 3 3 3 3 3 3 1 3 3 3 3 3 3 1 3 3 3 3 3 3 2 2 1 3 3 3 3 3 3 1 3 3 3 3 3 3 1 3 3 3 3 3 3 1 3 3 3 3 3 3
87 3
3 1 1 1 3 1 1 1 3 1 1 1 3 1 1 1 3 1 1 1 3 1 1 1 2 2 2 2 2 3 1 1 1 3 1 1 1 3 1 1 1 3 1 1 1 3 1 1 1 3 1 1 1 2 2 2 2 2 3 1 1 1 3 1 1 1 3 1 1 1 3 1 1 1 3 1 1 1 3 1 1 1 2 2 2 2 2
100 3
3 3 3 3 3 3 3 3 3 3 3 3 3 3 3 3 3 3 3 3 3 3 3 3 3 3 3 3 3 3 3 3 3 3 3 3 3 3 3 3 3 3 3 3 3 2 2 2 2 2 3 3 3 3 3 3 3 3 3 3 3 3 3 3 3 3 3 3 3 3 3 3 3 3 3 3 3 3 3 3 3 3 3 3 3 3 3 3 3 3 3 3 3 3 3 2 2 2 2 2
5 3
2 2 2 3 3
96 2
1 1 1 1 1 2 2 2 2 2 2 2 2 2 2 2 1 1 1 1 1 2 2 2 2 2 2 2 2 2 2 2 1 1 1 1 1 2 2 2 2 2 2 2 2 2 2 2 1 1 1 1 1 2 2 2 2 2 2 2 2 2 2 2 1 1 1 1 1 2 2 2 2 2 2 2 2 2 2 2 1 1 1 1 1 2 2 2 2 2 2 2 2 2 2 2
96 3
1 1 1 2 2 2 2 3 3 3 3 3 2 2 2 2 3 3 3 3 3 2 2 2 2 3 3 3 3 3 2 2 2 2 3 3 3 3 3 2 2 2 2 3 3 3 3 3 1 1 1 2 2 2 2 3 3 3 3 3 2 2 2 2 3 3 3 3 3 2 2 2 2 3 3 3 3 3 2 2 2 2 3 3 3 3 3 2 2 2 2 3 3 3 3 3
100 3
1 1 1 1 1 1 1 1 1 1 1 3 3 3 3 3 3 3 3 3 2 2 2 2 2 2 2 2 2 2 2 2 2 2 2 2 2 2 2 2 2 2 2 2 2 2 2 2 2 2 2 2 2 2 2 2 2 2 2 2 2 2 2 2 2 2 2 2 2 2 2 2 2 2 2 2 2 2 2 2 2 2 2 2 2 2 2 2 2 2 2 2 2 2 2 2 2 2 2 2
84 3
1 1 1 1 1 3 2 2 3 2 2 3 2 2 1 1 1 1 1 3 2 2 3 2 2 3 2 2 1 1 1 1 1 3 2 2 3 2 2 3 2 2 1 1 1 1 1 3 2 2 3 2 2 3 2 2 1 1 1 1 1 3 2 2 3 2 2 3 2 2 1 1 1 1 1 3 2 2 3 2 2 3 2 2
1 3
1
5 3
3 2 2 3 3
95 3
2 3 3 3 1 1 1 1 1 1 1 1 1 1 1 1 2 3 3 3 1 1 1 1 1 1 1 1 1 1 1 2 3 3 3 1 1 1 1 1 1 1 1 1 1 1 1 2 3 3 3 1 1 1 1 1 1 1 1 1 1 1 1 2 3 3 3 1 1 1 1 1 1 1 1 1 1 1 1 2 3 3 3 1 1 1 1 1 1 1 1 1 1 1 1
96 3
1 1 1 3 3 3 2 2 2 2 2 2 3 3 3 2 2 2 2 2 2 3 3 3 2 2 2 2 2 2 3 3 3 2 2 2 2 2 2 3 3 3 2 2 2 2 2 2 1 1 1 3 3 3 2 2 2 2 2 2 3 3 3 2 2 2 2 2 2 3 3 3 2 2 2 2 2 2 3 3 3 2 2 2 2 2 2 3 3 3 2 2 2 2 2 2
100 3
3 3 3 2 2 2 2 2 2 2 2 2 2 2 2 2 2 1 1 1 1 1 1 1 1 3 3 3 2 2 2 2 2 2 2 2 2 2 2 2 2 2 1 1 1 1 1 1 1 1 3 3 3 2 2 2 2 2 2 2 2 2 2 2 2 2 2 1 1 1 1 1 1 1 1 3 3 3 2 2 2 2 2 2 2 2 2 2 2 2 2 2 1 1 1 1 1 1 1 1
5 3
1 3 2 3 2
99 3
3 3 3 3 3 3 3 2 3 3 2 3 3 2 3 3 2 3 3 2 3 3 3 3 3 3 3 2 3 3 2 3 3 2 3 3 2 3 3 2 3 3 3 3 3 3 3 2 3 3 2 3 3 2 3 3 2 3 3 2 3 3 3 3 3 3 3 2 3 3 2 3 3 2 3 3 2 3 3 2 3 3 3 3 3 3 3 3 3 2 3 3 2 3 3 2 3 3 2
100 3
3 3 3 3 3 3 3 3 3 3 3 3 3 3 3 3 3 3 3 3 3 3 3 3 3 3 3 3 3 3 3 3 3 3 3 3 3 3 3 3 3 3 3 3 3 3 3 3 3 3 3 3 3 3 3 3 1 1 1 1 1 1 1 1 1 1 1 1 1 1 1 1 3 3 3 3 3 3 1 1 1 1 1 1 1 1 1 1 1 1 1 1 1 1 3 3 3 3 3 3
5 3
3 2 3 3 2
5 3
3 2 3 1 2
5 3
2 1 2 2 3
87 3
1 1 1 2 1 1 1 2 1 1 1 2 1 1 1 2 1 1 1 2 1 1 1 2 3 3 3 3 3 1 1 1 2 1 1 1 2 1 1 1 2 1 1 1 2 1 1 1 2 1 1 1 2 3 3 3 3 3 1 1 1 2 1 1 1 2 1 1 1 2 1 1 1 2 1 1 1 2 1 1 1 2 3 3 3 3 3
97 3
2 2 2 1 2 2 2 1 2 2 2 1 2 2 2 1 2 2 2 1 2 2 2 1 3 3 3 3 3 3 3 3 3 3 3 3 3 3 3 3 3 3 3 3 3 3 3 3 3 3 3 3 3 3 3 3 3 3 3 3 3 3 3 3 3 3 3 3 3 3 3 3 3 3 3 3 3 3 3 3 3 3 3 3 3 3 3 3 3 3 3 3 3 3 3 3 3
5 3
1 3 3 1 2
84 3
2 3 3 2 3 3 2 3 3 2 3 3 2 3 3 2 3 3 1 1 1 2 3 3 2 3 3 2 3 3 2 3 3 2 3 3 2 3 3 1 1 1 2 3 3 2 3 3 2 3 3 2 3 3 2 3 3 2 3 3 1 1 1 2 3 3 2 3 3 2 3 3 2 3 3 2 3 3 2 3 3 1 1 1
5 3
3 2 1 3 3
5 3
2 3 1 1 3
100 3
3 3 2 3 3 2 3 3 2 3 3 2 3 3 2 3 3 3 3 3 3 3 2 3 3 2 3 3 2 3 3 2 3 3 2 3 3 3 3 3 3 3 2 3 3 2 3 3 2 3 3 2 3 3 2 3 3 3 3 3 3 3 2 3 3 2 3 3 2 3 3 2 3 3 2 3 3 3 3 3 3 3 2 3 3 2 3 3 2 3 3 2 3 3 2 3 3 3 3 3
100 3
3 3 3 3 3 2 2 2 2 1 1 1 1 1 1 1 1 1 1 1 3 3 3 3 3 2 2 2 2 1 1 1 1 1 1 1 1 1 1 1 3 3 3 3 3 2 2 2 2 1 1 1 1 1 1 1 1 1 1 1 3 3 3 3 3 2 2 2 2 1 1 1 1 1 1 1 1 1 1 1 3 3 3 3 3 2 2 2 2 1 1 1 1 1 1 1 1 1 1 1
100 3
1 1 1 1 1 3 3 3 3 3 3 3 3 3 3 3 3 3 2 2 3 3 3 3 3 3 3 3 3 3 3 3 3 2 2 3 3 3 3 3 3 3 3 3 3 3 3 3 2 2 1 1 1 1 1 3 3 3 3 3 3 3 3 3 3 3 3 3 2 2 3 3 3 3 3 3 3 3 3 3 3 3 3 2 2 3 3 3 3 3 3 3 3 3 3 3 3 3 2 2
88 3
2 2 2 1 2 2 2 1 2 2 2 1 2 2 2 1 3 3 3 3 3 3 2 2 2 1 2 2 2 1 2 2 2 1 2 2 2 1 3 3 3 3 3 3 2 2 2 1 2 2 2 1 2 2 2 1 2 2 2 1 3 3 3 3 3 3 2 2 2 1 2 2 2 1 2 2 2 1 2 2 2 1 3 3 3 3 3 3
94 3
1 1 1 1 1 1 1 1 1 1 2 1 1 1 1 1 1 1 1 2 1 1 1 1 1 1 1 1 2 1 1 1 1 1 1 1 1 2 1 1 1 1 1 1 1 1 2 1 1 1 1 1 1 1 1 1 1 2 1 1 1 1 1 1 1 1 2 1 1 1 1 1 1 1 1 2 1 1 1 1 1 1 1 1 2 1 1 1 1 1 1 1 1 2
5 3
3 1 3 1 3
96 3
3 3 3 3 3 3 3 3 3 3 3 3 3 1 3 3 3 3 3 3 3 3 3 3 3 3 3 1 2 2 2 2 3 3 3 3 3 3 3 3 3 3 3 3 3 1 3 3 3 3 3 3 3 3 3 3 3 3 3 1 2 2 2 2 3 3 3 3 3 3 3 3 3 1 3 3 3 1 3 3 3 3 3 3 3 3 3 3 3 3 3 1 2 2 2 2
90 3
2 2 3 3 3 2 2 3 3 3 1 1 1 1 1 2 2 3 3 3 2 2 3 3 3 1 1 1 1 1 2 2 3 3 3 2 2 3 3 3 1 1 1 1 1 2 2 3 3 3 2 2 3 3 3 1 1 1 1 1 2 2 3 3 3 2 2 3 3 3 1 1 1 1 1 2 2 3 3 3 2 2 3 3 3 1 1 1 1 1
5 3
1 2 1 2 2
100 3
3 3 3 3 3 3 3 3 3 3 3 3 3 3 3 3 3 3 3 3 3 3 3 3 2 2 2 2 2 2 2 2 2 2 2 2 2 2 2 2 2 1 1 2 2 2 2 2 2 2 2 2 2 2 2 2 2 2 2 2 1 1 2 2 2 2 2 2 2 2 2 2 2 2 2 2 2 2 2 1 1 2 2 2 2 2 2 2 2 2 2 2 2 2 2 2 2 2 1 1
84 3
1 1 2 1 1 2 1 1 2 3 3 3 3 3 1 1 2 1 1 2 1 1 2 3 3 3 3 3 1 1 2 1 1 2 1 1 2 3 3 3 3 3 1 1 2 1 1 2 1 1 2 3 3 3 3 3 1 1 2 1 1 2 1 1 2 3 3 3 3 3 1 1 2 1 1 2 1 1 2 3 3 3 3 3
100 3
2 2 1 1 1 1 1 3 3 3 1 1 1 1 1 3 3 3 1 1 1 1 1 3 3 3 1 1 1 1 1 3 3 3 1 1 1 1 1 3 3 3 1 1 1 1 1 3 3 3 2 2 1 1 1 1 1 3 3 3 1 1 1 1 1 3 3 3 1 1 1 1 1 3 3 3 1 1 1 1 1 3 3 3 1 1 1 1 1 3 3 3 1 1 1 1 1 3 3 3
5 3
1 2 3 1 1
100 3
1 1 1 1 1 1 2 2 2 2 2 2 2 3 3 3 3 3 3 3 1 1 1 1 1 1 2 2 2 2 2 2 2 3 3 3 3 3 3 3 1 1 1 1 1 1 2 2 2 2 2 2 2 3 3 3 3 3 3 3 1 1 1 1 1 1 2 2 2 2 2 2 2 3 3 3 3 3 3 3 1 1 1 1 1 1 2 2 2 2 2 2 2 3 3 3 3 3 3 3
5 3
2 1 1 1 3
5 3
1 1 3 3 2
100 3
2 2 2 2 2 2 2 2 2 2 1 1 1 1 1 2 2 2 2 2 2 2 2 2 2 1 1 1 1 1 2 2 2 2 2 2 2 2 2 2 1 1 1 1 1 3 3 3 3 3 2 2 2 2 2 2 2 2 2 2 1 1 1 1 1 2 2 2 2 2 2 2 2 2 2 1 1 1 1 1 2 2 2 2 2 2 2 2 2 2 1 1 1 1 1 3 3 3 3 3
5 3
1 2 1 2 1
5 3
1 1 2 1 3
96 3
1 1 1 3 3 3 3 3 3 1 1 1 3 3 3 3 3 3 1 1 1 3 3 3 3 3 3 1 1 1 3 3 3 3 3 3 1 1 1 3 3 3 3 3 3 2 2 2 1 1 1 3 3 3 3 3 3 1 1 1 3 3 3 3 3 3 1 1 1 3 3 3 3 3 3 1 1 1 3 3 3 3 3 3 1 1 1 3 3 3 3 3 3 2 2 2
95 3
2 2 2 2 3 1 1 3 1 1 3 1 1 3 1 1 3 1 1 2 2 2 2 3 1 1 3 1 1 3 1 1 3 1 1 3 1 1 2 2 2 2 3 1 1 3 1 1 3 1 1 3 1 1 3 1 1 2 2 2 2 3 1 1 3 1 1 3 1 1 3 1 1 3 1 1 2 2 2 2 3 1 1 3 1 1 3 1 1 3 1 1 3 1 1
88 3
2 1 1 1 2 1 1 1 2 1 1 1 2 1 1 1 3 3 3 3 3 3 2 1 1 1 2 1 1 1 2 1 1 1 2 1 1 1 3 3 3 3 3 3 2 1 1 1 2 1 1 1 2 1 1 1 2 1 1 1 3 3 3 3 3 3 2 1 1 1 2 1 1 1 2 1 1 1 2 1 1 1 3 3 3 3 3 3
9 3
1 3 3 1 2 2 1 3 3
100 3
2 2 2 2 2 2 2 2 2 2 2 2 2 2 2 2 3 3 3 3 1 1 1 1 1 2 2 2 2 2 2 2 2 2 2 2 2 2 2 2 2 3 3 3 3 1 1 1 1 1 2 2 2 2 2 2 2 2 2 2 2 2 2 2 2 2 3 3 3 3 1 1 1 1 1 2 2 2 2 2 2 2 2 2 2 2 2 2 2 2 2 3 3 3 3 1 1 1 1 1
5 3
2 3 1 1 1
98 3
1 1 1 1 1 1 1 1 1 1 1 1 1 1 1 1 1 1 1 1 2 2 1 1 1 1 1 1 1 1 1 1 1 1 1 1 1 1 1 1 1 1 2 2 3 3 3 3 3 1 1 1 1 1 1 1 1 1 1 1 1 1 1 1 1 1 1 1 1 2 2 1 1 1 1 1 1 1 1 1 1 1 1 1 1 1 1 1 1 1 1 2 2 3 3 3 3 3
95 3
2 2 2 2 2 2 3 3 3 2 2 2 2 2 2 3 3 3 1 2 2 2 2 2 2 3 3 3 2 2 2 2 2 2 3 3 3 1 2 2 2 2 2 2 3 3 3 2 2 2 2 2 2 3 3 3 1 2 2 2 2 2 2 3 3 3 2 2 2 2 2 2 3 3 3 1 2 2 2 2 2 2 3 3 3 2 2 2 2 2 2 3 3 3 1
99 3
3 3 3 3 1 1 3 3 3 3 1 1 3 3 3 3 1 1 2 2 2 2 2 2 2 2 2 2 2 2 2 2 2 2 2 2 2 2 2 2 2 2 2 2 2 2 2 2 2 2 2 2 2 2 2 2 2 2 2 2 2 2 2 2 2 2 2 2 2 2 2 2 2 2 2 2 2 2 2 2 2 2 2 2 2 2 2 2 2 2 2 2 2 2 2 2 2 2 2
97 3
2 2 2 2 2 2 2 2 2 2 2 2 2 2 2 2 2 2 2 2 2 2 2 2 2 2 2 2 2 2 2 2 1 1 1 1 1 1 1 1 1 1 1 1 3 1 1 1 1 1 1 1 1 1 1 1 1 3 1 1 1 1 1 1 1 1 1 1 1 1 3 1 1 1 1 1 1 1 1 1 1 1 1 3 1 1 1 1 1 1 1 1 1 1 1 1 3
5 3
1 1 2 1 2
96 3
1 1 3 3 3 1 1 3 3 3 2 2 2 2 2 2 1 1 3 3 3 1 1 3 3 3 2 2 2 2 2 2 1 1 3 3 3 1 1 3 3 3 2 2 2 2 2 2 1 1 3 3 3 1 1 3 3 3 2 2 2 2 2 2 1 1 3 3 3 1 1 3 3 3 2 2 2 2 2 2 1 1 3 3 3 1 1 3 3 3 2 2 2 2 2 2
90 3
1 1 1 1 1 1 2 2 3 3 2 2 3 3 2 2 3 3 2 2 3 3 2 2 3 3 2 2 3 3 1 1 1 1 1 1 2 2 3 3 2 2 3 3 2 2 3 3 2 2 3 3 2 2 3 3 2 2 3 3 1 1 1 1 1 1 2 2 3 3 2 2 3 3 2 2 3 3 2 2 3 3 2 2 3 3 2 2 3 3
95 3
1 1 1 3 3 3 3 3 1 1 1 3 3 3 3 3 2 2 2 1 1 1 3 3 3 3 3 1 1 1 3 3 3 3 3 2 2 2 1 1 1 3 3 3 3 3 1 1 1 3 3 3 3 3 2 2 2 1 1 1 3 3 3 3 3 1 1 1 3 3 3 3 3 2 2 2 1 1 1 3 3 3 3 3 1 1 1 3 3 3 3 3 2 2 2
98 2
2 2 2 2 2 2 2 2 2 2 2 2 2 2 2 2 2 2 2 2 2 2 2 2 2 2 2 2 2 2 2 1 2 2 2 2 2 2 2 2 2 2 2 2 2 2 2 2 2 2 2 2 2 2 2 2 2 2 2 2 2 2 2 2 1 2 2 2 2 2 2 2 2 2 2 2 2 2 2 2 2 2 2 2 2 2 2 2 2 2 2 2 2 2 2 2 2 1
5 3
3 3 2 1 1
