100
90 3
2 2 1 1 1 2 2 1 1 1 3 3 3 3 3 2 2 1 1 1 2 2 1 1 1 3 3 3 3 3 2 2 1 1 1 2 2 1 1 1 3 3 3 3 3 2 2 1 1 1 2 2 1 1 1 3 3 3 3 3 2 2 1 1 1 2 2 1 1 1 3 3 3 3 3 2 2 1 1 1 2 2 1 1 1 3 3 3 3 3
96 3
3 3 3 1 1 1 2 2 2 2 2 2 2 2 2 2 3 3 3 1 1 1 2 2 2 2 2 2 2 2 2 2 3 3 3 1 1 1 2 2 2 2 2 2 2 2 2 2 3 3 3 1 1 1 2 2 2 2 2 2 2 2 2 2 3 3 3 1 1 1 2 2 2 2 2 2 2 2 2 2 3 3 3 1 1 1 2 2 2 2 2 2 2 2 2 2
99 3
2 3 1 2 3 1 2 3 1 2 3 1 2 3 1 2 3 1 2 3 1 2 3 1 2 3 1 2 3 1 2 3 1 2 3 1 2 3 1 2 3 1 2 3 1 2 3 1 2 3 1 2 3 1 2 3 1 2 3 1 2 3 1 2 3 1 2 3 1 2 3 1 2 3 1 2 3 1 2 3 1 2 3 1 2 3 1 2 3 1 2 3 1 2 3 1 2 3 1
100 3
3 3 3 3 3 3 3 3 3 3 3 3 3 3 3 3 3 3 3 3 3 3 3 3 3 3 3 3 3 3 3 3 3 3 3 3 3 3 3 3 3 3 3 3 3 3 3 3 3 3 3 3 3 3 3 3 3 3 3 3 3 3 3 3 3 3 3 3 3 3 3 3 3 3 3 3 3 3 3 3 3 3 1 1 1 1 2 2 2 2 2 1 1 1 1 2 2 2 2 2
97 3
2 2 2 2 2 3 3 3 3 3 3 3 3 1 1 1 2 2 2 2 2 3 3 3 3 3 3 3 3 1 1 1 2 2 2 2 2 3 3 3 3 3 3 3 3 1 1 1 2 2 2 2 2 3 3 3 3 3 3 3 3 1 1 1 2 2 2 2 2 3 3 3 3 3 3 3 3 1 1 1 2 2 2 2 2 2 3 3 3 3 3 3 3 3 1 1 1
91 3
3 3 3 3 3 3 1 1 1 2 1 1 1 2 1 1 1 1 2 3 3 3 3 3 3 1 1 1 2 1 1 1 2 1 1 1 2 3 3 3 3 3 3 1 1 1 2 1 1 1 2 1 1 1 2 3 3 3 3 3 3 1 1 1 2 1 1 1 2 1 1 1 2 3 3 3 3 3 3 1 1 1 2 1 1 1 2 1 1 1 2
90 3
2 2 3 2 2 3 2 2 3 2 2 3 1 1 1 1 1 1 2 2 3 2 2 3 2 2 3 2 2 3 1 1 1 1 1 1 2 2 3 2 2 3 2 2 3 2 2 3 1 1 1 1 1 1 2 2 3 2 2 3 2 2 3 2 2 3 1 1 1 1 1 1 2 2 3 2 2 3 2 2 3 2 2 3 1 1 1 1 1 1
96 3
2 2 2 2 2 1 2 2 2 2 2 1 2 2 2 2 2 1 2 2 2 2 2 1 2 2 2 2 2 1 3 3 2 2 2 2 2 1 2 2 2 2 2 1 2 2 2 2 2 1 2 2 2 2 2 1 2 2 2 2 2 1 3 3 2 2 2 2 2 1 2 2 2 2 2 1 2 2 2 2 2 1 2 2 2 2 2 1 2 2 2 2 2 1 3 3
1 3
1
95 3
3 3 3 3 3 3 1 1 1 1 1 1 3 3 3 3 3 3 1 1 1 1 1 1 3 3 3 3 3 3 1 1 1 1 1 1 3 3 3 3 3 3 1 1 1 1 1 1 3 3 3 3 3 3 1 1 1 1 1 1 3 3 3 3 3 3 1 1 1 1 1 1 2 2 2 2 2 2 2 2 2 2 2 2 2 2 2 2 2 2 2 2 2 2 2
98 3
2 2 2 2 3 3 3 3 2 2 2 2 3 3 3 3 2 2 2 2 3 3 3 3 2 2 2 2 3 3 3 3 2 2 2 2 3 3 3 3 2 2 2 2 3 3 3 3 1 2 2 2 2 3 3 3 3 2 2 2 2 3 3 3 3 2 2 2 2 3 3 3 3 2 2 2 2 3 3 3 3 2 2 2 2 3 3 3 3 2 2 2 2 3 3 3 3 1
84 3
3 3 3 2 2 1 2 2 1 2 2 1 2 2 1 2 2 1 2 2 1 3 3 3 2 2 1 2 2 1 2 2 1 2 2 1 2 2 1 2 2 1 3 3 3 2 2 1 2 2 1 2 2 1 2 2 1 2 2 1 2 2 1 3 3 3 2 2 1 2 2 1 2 2 1 2 2 1 2 2 1 2 2 1
100 3
2 2 2 2 2 2 2 2 2 2 2 2 2 2 2 2 2 2 2 2 2 2 2 2 2 2 2 2 2 2 2 2 2 2 2 2 2 2 2 2 2 2 2 2 2 2 2 2 2 2 2 2 2 2 2 2 2 2 2 2 2 2 2 2 2 2 2 2 1 1 1 1 1 1 1 1 1 1 1 1 1 1 1 1 1 1 1 1 1 1 1 3 3 3 3 3 3 3 3 3
84 3
2 2 2 2 2 2 1 3 3 1 3 3 1 3 3 1 3 3 1 3 3 2 2 2 2 2 2 1 3 3 1 3 3 1 3 3 1 3 3 1 3 3 2 2 2 2 2 2 1 3 3 1 3 3 1 3 3 1 3 3 1 3 3 2 2 2 2 2 2 1 3 3 1 3 1 1 3 3 1 3 3 1 3 3
1 2
1
99 3
2 3 1 1 1 3 1 1 1 3 1 1 1 3 1 1 1 3 1 1 1 3 1 1 1 2 3 1 1 1 3 1 1 1 3 1 1 1 3 1 1 3 1 1 1 3 1 1 1 2 3 1 1 1 3 1 1 1 3 1 1 1 3 1 1 1 3 1 1 1 3 1 1 1 2 3 1 1 1 3 1 1 1 3 1 1 1 3 1 1 1 3 1 1 1 3 1 1 1
99 3
2 2 2 2 2 2 3 3 3 2 2 2 2 2 2 3 3 3 2 3 2 2 2 2 3 3 3 1 1 1 1 1 1 2 2 2 2 2 2 3 3 3 2 2 2 2 2 2 3 3 3 2 2 2 2 2 2 3 3 3 1 1 1 1 1 1 2 2 2 2 2 2 3 3 3 2 2 2 2 2 2 3 3 3 2 2 2 2 2 2 3 3 3 1 1 1 1 1 1
95 3
3 3 2 2 2 2 3 3 2 2 2 2 3 3 2 2 2 2 1 3 3 2 2 2 2 3 3 2 2 2 2 3 3 2 2 2 2 1 3 3 2 2 2 2 3 3 2 2 2 2 3 3 2 2 2 2 1 3 3 2 2 2 2 3 3 2 2 2 2 3 3 2 2 2 2 1 3 3 2 2 2 2 3 3 2 2 2 2 3 3 2 2 2 2 1
100 3
2 2 2 2 2 2 2 2 2 2 2 2 2 2 2 2 2 3 3 3 3 3 2 2 2 2 2 2 2 2 2 2 2 2 2 2 2 2 2 3 3 3 3 3 1 1 1 1 1 1 2 2 2 2 2 2 2 2 2 2 2 2 2 2 2 2 2 3 3 3 3 3 2 2 2 2 2 2 2 2 2 2 2 2 2 2 2 2 2 3 3 3 3 3 1 1 1 1 1 1
100 3
3 3 3 3 3 3 1 1 1 1 1 1 1 1 1 1 1 1 1 1 1 1 1 1 1 1 1 1 1 1 1 1 1 2 2 2 2 2 2 2 2 2 2 2 2 2 2 2 2 2 3 3 3 3 3 3 1 1 1 1 1 1 1 1 1 1 1 1 1 1 1 1 1 1 1 1 1 1 1 1 1 1 1 2 2 2 2 2 2 2 2 2 2 2 2 2 2 2 2 2
96 3
3 3 3 3 3 3 3 3 3 3 3 3 3 3 2 3 3 3 3 3 3 3 3 3 3 3 3 3 3 2 3 3 3 3 3 3 3 3 3 3 3 3 3 3 2 1 1 1 3 3 3 3 3 3 3 3 3 3 3 3 3 3 2 3 3 3 3 3 3 3 3 3 3 3 3 3 3 2 3 3 3 3 3 3 3 3 3 3 3 3 3 3 2 1 1 1
100 3
2 2 2 2 2 2 2 2 1 1 1 2 2 2 2 2 2 2 2 1 1 1 2 2 2 2 2 2 2 2 1 1 1 2 2 2 2 2 2 2 2 1 1 1 3 3 3 3 3 3 2 2 2 2 2 2 2 2 1 1 1 2 2 2 2 2 2 2 2 1 1 1 2 2 2 2 2 2 2 2 1 1 1 2 2 2 2 2 2 2 2 1 1 1 3 3 3 3 3 3
100 1
1 1 1 1 1 1 1 1 1 1 1 1 1 1 1 1 1 1 1 1 1 1 1 1 1 1 1 1 1 1 1 1 1 1 1 1 1 1 1 1 1 1 1 1 1 1 1 1 1 1 1 1 1 1 1 1 1 1 1 1 1 1 1 1 1 1 1 1 1 1 1 1 1 1 1 1 1 1 1 1 1 1 1 1 1 1 1 1 1 1 1 1 1 1 1 1 1 1 1 1
80 3
3 1 1 3 1 1 3 1 1 3 1 1 3 1 1 3 1 1 2 2 3 1 1 3 1 1 3 1 1 3 1 1 3 1 1 3 1 1 2 2 3 1 1 3 1 1 3 1 1 3 1 1 3 1 1 3 1 1 2 2 3 1 1 3 1 1 3 1 1 3 1 1 3 1 1 3 1 1 2 2
100 3
2 2 2 2 2 2 2 2 2 2 2 2 2 2 2 2 2 2 2 2 2 2 2 2 2 2 2 2 2 2 2 2 2 2 2 2 2 2 2 2 2 2 2 2 2 2 2 2 2 2 2 2 2 2 2 2 2 2 2 2 2 2 2 2 2 2 2 2 2 2 2 2 2 2 2 2 2 2 2 2 2 2 2 2 2 2 2 2 2 2 2 2 2 2 2 2 2 2 3 1
100 3
2 2 3 3 3 3 3 3 3 3 3 3 3 3 3 3 3 3 3 3 3 3 3 3 3 3 3 3 3 3 3 3 3 3 3 3 1 1 1 1 1 1 1 1 1 1 1 1 1 1 2 2 3 3 3 3 3 3 3 3 3 3 3 3 3 3 3 3 3 3 3 3 3 3 3 3 3 3 3 3 3 3 3 3 3 3 1 1 1 1 1 1 1 1 1 1 1 1 1 1
92 3
2 2 2 2 2 2 1 1 3 3 3 3 3 3 1 1 3 3 3 3 3 3 1 1 3 3 3 3 3 3 1 1 3 3 3 3 3 3 1 1 3 3 3 3 3 3 2 2 2 2 2 2 1 1 3 3 3 3 3 3 1 1 3 3 3 3 3 3 1 1 3 3 3 3 3 3 1 1 3 3 3 3 3 3 1 1 3 3 3 3 3 3
92 3
1 1 2 2 2 2 2 1 1 2 2 2 2 2 1 1 2 2 2 2 2 3 3 1 1 2 2 2 2 2 1 1 2 2 2 2 2 1 1 2 2 2 2 2 3 3 1 1 2 2 2 2 2 1 1 2 2 2 2 2 1 1 2 2 2 2 2 3 3 1 1 2 2 2 2 2 1 1 2 2 2 2 2 1 1 2 2 2 2 2 3 3
100 3
3 3 3 3 3 3 3 3 3 3 3 3 3 3 3 3 3 3 3 3 1 1 2 2 2 2 2 2 2 2 2 2 2 2 2 2 2 2 2 2 2 2 2 2 2 2 2 2 2 2 2 2 2 2 2 2 2 2 2 2 2 2 2 2 2 2 2 2 2 2 2 2 2 2 2 2 2 2 2 2 2 2 2 2 2 2 2 2 2 2 2 2 2 2 2 2 2 2 2 2
100 3
3 3 3 3 3 3 3 1 1 1 1 1 3 3 3 3 3 3 3 1 1 1 1 1 2 3 3 3 3 3 3 3 1 1 1 1 1 3 3 3 3 3 3 3 1 1 1 1 1 2 3 3 3 3 3 3 3 1 1 1 1 1 3 3 3 3 3 3 3 1 1 1 1 1 2 3 3 3 3 3 3 3 1 1 1 1 1 3 3 3 3 3 3 3 1 1 1 1 1 2
98 2
2 2 2 2 2 2 2 2 2 2 2 2 2 2 2 2 2 2 2 2 2 2 2 2 2 2 2 2 2 2 2 1 2 2 2 2 2 2 2 2 2 2 2 2 2 2 2 2 2 2 2 2 2 2 2 2 2 2 2 2 2 2 2 2 1 2 2 2 2 2 2 2 2 2 2 2 2 2 2 2 2 2 2 2 2 2 2 2 2 2 2 2 2 2 2 2 2 1
98 3
2 2 2 2 2 2 2 2 2 2 2 2 2 2 2 2 2 2 2 2 2 2 2 2 2 2 2 2 2 2 2 2 2 2 3 3 3 3 3 3 3 3 3 3 3 1 1 1 1 1 3 3 3 3 3 3 3 3 3 3 3 1 1 1 1 1 3 3 3 3 3 3 3 3 3 3 3 1 1 1 1 1 3 3 3 3 3 3 3 3 3 3 3 1 1 1 1 1
90 3
1 1 1 1 1 1 1 1 1 1 1 1 1 1 1 1 1 1 1 1 1 1 1 1 1 1 1 1 1 1 1 1 1 1 1 1 1 1 1 1 1 1 1 1 1 1 1 1 1 1 1 1 1 1 1 1 1 1 1 1 1 1 1 1 1 1 1 1 1 1 1 1 1 1 1 1 1 1 1 1 1 1 1 1 1 1 1 1 1 1
100 3
3 3 2 2 2 2 2 2 2 2 2 2 2 2 2 2 1 1 1 1 3 3 2 2 2 2 2 2 2 2 2 2 2 2 2 2 1 1 1 1 3 3 2 2 2 2 2 2 2 2 2 2 2 2 2 2 1 1 1 1 3 3 2 2 2 2 2 2 2 2 2 2 2 2 2 2 1 1 1 1 3 3 2 2 2 2 2 2 2 2 2 2 2 2 2 2 1 1 1 1
97 3
1 1 1 1 1 1 2 2 2 2 2 2 2 2 3 2 2 2 2 2 2 2 2 3 1 1 1 1 1 1 2 2 2 2 2 2 2 2 3 2 2 2 2 2 2 2 2 3 1 1 1 1 1 1 2 2 2 2 2 2 2 2 3 2 2 2 1 2 2 2 2 2 3 1 1 1 1 1 1 2 2 2 2 2 2 2 2 3 2 2 2 2 2 2 2 2 3
90 3
2 2 3 3 1 1 3 3 1 1 3 3 1 1 3 3 1 1 2 2 3 3 1 1 3 3 1 1 3 3 1 1 3 3 1 1 2 2 3 3 1 1 3 3 1 1 3 3 1 1 3 3 1 1 2 2 3 3 1 1 3 3 1 1 3 3 1 1 3 3 1 1 2 2 3 3 1 1 3 3 1 1 3 3 1 1 3 3 1 1
97 3
1 1 1 1 1 1 1 1 3 3 3 3 1 1 1 1 1 1 1 1 3 3 3 3 1 1 1 1 1 1 1 1 3 3 3 3 1 1 1 1 1 1 1 1 3 3 3 3 2 2 2 2 2 2 2 2 2 2 2 2 2 2 2 2 2 2 2 2 2 2 2 2 2 2 2 2 2 2 2 2 2 2 2 2 2 2 2 2 2 2 2 2 2 2 2 2 2
96 3
3 3 3 3 3 3 3 2 2 2 2 2 2 3 3 3 3 3 3 3 2 2 2 2 2 2 1 1 1 1 1 1 3 3 3 3 3 3 3 2 2 2 2 2 2 3 3 3 3 3 3 3 2 2 2 2 2 2 1 1 1 1 1 1 3 3 3 3 3 3 3 2 2 2 2 2 2 3 3 3 3 3 3 3 2 2 2 2 2 2 1 1 1 1 1 1
90 3
2 2 2 2 2 3 3 3 3 1 3 3 3 3 1 2 2 2 2 2 3 3 3 3 1 3 3 3 3 1 2 2 2 2 2 3 3 3 3 1 3 3 3 3 1 2 2 2 2 2 3 3 3 3 1 3 3 3 3 1 2 2 2 2 2 3 3 3 3 1 3 3 3 3 1 2 2 2 2 2 3 3 3 3 1 3 3 3 3 1
100 3
3 3 2 2 3 3 3 3 3 3 3 3 3 3 3 3 3 3 3 3 3 3 3 3 3 3 3 3 3 3 3 3 3 3 3 3 3 3 3 3 3 3 3 3 3 3 3 3 3 3 3 3 3 3 3 3 3 3 3 3 3 3 3 3 3 3 3 3 3 3 3 3 3 3 3 3 3 3 3 3 3 3 3 3 3 3 3 3 3 3 3 3 3 3 3 3 3 3 3 3
100 3
2 2 3 1 1 1 1 1 1 1 1 1 1 1 1 1 1 1 1 1 1 1 1 1 1 1 1 1 1 1 1 1 1 1 1 1 1 1 1 1 1 1 1 1 1 1 1 1 1 1 1 1 1 1 1 1 1 1 1 1 1 1 1 1 1 1 1 1 1 1 1 1 1 1 1 1 1 1 1 1 1 1 1 1 1 1 1 1 1 1 1 1 1 1 1 1 1 1 1 1
96 3
2 2 2 2 3 3 1 1 1 1 1 1 1 1 1 1 2 2 2 2 3 3 1 1 1 1 1 1 1 1 1 1 2 2 2 2 3 3 1 1 1 1 1 1 1 1 1 1 2 2 2 2 3 3 1 1 1 1 1 1 1 1 1 1 2 2 2 2 3 3 1 1 1 1 1 1 1 1 1 1 2 2 2 2 3 3 1 1 1 1 1 1 1 1 1 1
99 3
2 2 2 1 1 1 1 3 3 1 1 1 1 3 3 1 1 1 1 3 3 1 1 1 1 3 3 1 1 1 1 3 3 2 2 2 1 1 1 1 3 3 1 1 1 1 3 3 1 1 1 1 3 3 1 1 1 1 3 3 1 1 1 1 3 3 2 2 2 1 1 1 1 3 3 1 1 1 1 3 3 1 1 1 1 3 3 1 1 1 1 3 3 1 1 1 1 3 3
84 3
2 2 2 2 1 1 1 3 1 1 1 3 1 1 1 3 1 1 1 3 1 1 1 3 1 1 1 3 2 2 2 2 1 1 1 3 1 1 1 3 1 1 1 3 1 1 1 3 1 1 1 3 1 1 1 3 2 2 2 2 1 1 1 3 1 1 1 3 1 1 1 3 1 1 1 3 1 1 1 3 1 1 1 3
100 3
3 3 3 3 3 3 3 3 3 3 3 3 3 3 3 3 3 3 3 3 3 3 3 3 3 3 3 3 3 3 3 3 3 3 3 3 3 3 3 3 3 3 3 3 3 3 3 3 1 1 1 1 1 1 1 2 2 2 2 2 2 1 1 1 1 1 1 1 2 2 2 2 2 2 1 1 1 1 1 1 1 2 2 2 2 2 2 1 1 1 1 1 1 1 2 2 2 2 2 2
95 3
1 1 1 1 3 3 3 3 2 3 3 3 3 2 3 3 3 3 2 1 1 1 1 3 3 3 3 2 3 3 3 3 2 3 3 3 3 2 1 1 1 1 3 3 3 3 2 3 3 3 3 2 3 3 3 3 2 1 1 1 1 3 3 3 3 2 3 3 3 3 2 3 3 3 3 2 1 1 1 1 3 3 3 3 2 3 3 3 3 2 3 3 3 3 2
98 3
2 2 3 3 3 3 3 3 3 3 3 3 3 3 3 3 3 3 3 3 3 3 3 3 3 3 3 3 3 3 3 3 1 1 3 3 3 3 3 3 3 3 3 3 3 3 3 3 3 3 3 3 3 3 3 3 3 3 3 3 3 3 3 3 1 1 3 3 3 3 3 3 3 3 3 3 3 3 3 3 3 3 3 3 3 3 3 3 3 3 3 3 3 3 3 3 1 1
99 3
3 3 3 3 3 3 3 3 3 3 3 3 3 3 3 3 3 3 3 3 3 3 3 3 3 3 3 3 3 3 3 3 3 3 3 3 3 3 3 3 3 3 3 3 3 3 3 3 3 3 3 3 3 3 3 3 3 3 3 3 3 3 3 3 3 3 3 3 3 3 3 3 3 3 3 3 3 3 3 1 1 1 1 1 1 1 1 2 2 1 1 1 1 1 1 1 1 2 2
90 3
3 3 3 3 3 3 2 2 2 2 2 1 2 2 2 2 2 1 2 2 2 2 2 1 2 2 2 2 2 1 3 3 3 3 3 3 2 2 2 2 2 1 2 2 2 2 2 1 2 2 2 2 2 1 2 2 2 2 2 1 3 3 3 3 3 3 2 2 2 2 2 1 2 2 2 2 2 1 2 2 2 2 2 1 2 2 2 2 2 1
100 3
3 3 3 3 3 3 3 3 1 1 1 1 1 1 1 1 1 2 2 2 3 3 3 3 3 3 3 3 1 1 1 1 1 1 1 1 1 2 2 2 3 3 3 3 3 3 3 3 1 1 1 1 1 1 1 1 1 2 2 2 3 3 3 3 3 3 3 3 1 1 1 1 1 1 1 1 1 2 2 2 3 3 3 3 3 3 3 3 1 1 1 1 1 1 1 1 1 2 2 2
100 3
1 1 1 1 2 2 2 1 1 1 1 2 2 2 3 3 3 3 3 3 1 1 1 1 2 2 2 1 1 1 1 2 2 2 3 3 3 3 3 3 1 1 1 1 2 2 2 1 1 1 1 2 2 2 3 3 3 3 3 3 1 1 1 1 2 2 2 1 1 1 1 2 2 2 3 3 3 3 3 3 1 1 1 1 2 2 2 1 1 1 1 2 2 2 3 3 3 3 3 3
78 3
3 3 3 1 2 1 2 1 2 1 2 1 2 3 3 3 1 2 1 2 1 2 1 2 1 2 3 3 3 1 2 1 2 1 2 1 2 1 2 3 3 3 1 2 1 2 1 2 1 2 1 2 3 3 3 1 2 1 2 1 2 1 2 1 2 3 3 3 1 2 1 2 1 2 1 2 1 2
100 3
2 2 2 2 2 2 2 2 2 2 2 2 2 2 2 1 2 2 2 2 2 2 2 2 2 2 2 2 2 2 2 1 2 2 2 2 2 2 2 2 2 2 2 2 2 2 2 1 2 2 2 2 2 2 2 2 2 2 2 2 2 2 2 1 2 2 2 2 2 2 2 2 2 2 2 2 2 2 2 1 3 3 3 3 3 3 3 3 3 3 3 3 3 3 3 3 3 3 3 3
100 3
1 3 3 3 3 3 3 3 3 3 3 3 3 3 3 3 3 3 3 3 3 3 3 3 3 3 3 3 3 3 2 2 2 2 2 2 2 2 2 2 2 2 2 2 2 2 2 2 2 2 1 3 3 3 3 3 3 3 3 3 3 3 3 3 3 3 3 3 3 3 3 3 3 3 3 3 3 3 3 3 2 2 2 2 2 2 2 2 2 2 2 2 2 2 2 2 2 2 2 2
100 3
1 1 1 1 1 1 1 1 1 1 1 1 1 1 1 1 1 1 2 3 3 3 3 3 3 1 1 1 1 1 1 1 1 1 1 1 1 1 1 1 1 1 1 2 3 3 3 3 3 3 1 1 1 1 1 1 1 1 1 1 1 1 1 1 1 1 1 1 2 3 3 3 3 3 3 1 1 1 1 1 1 1 1 1 1 1 1 1 1 1 1 1 1 2 3 3 3 3 3 3
96 3
3 3 3 3 3 3 3 3 3 3 3 1 1 1 1 3 3 3 3 3 3 3 3 3 3 3 1 1 1 1 2 2 3 3 3 3 3 3 3 3 3 3 3 1 1 1 1 3 3 3 3 3 3 3 3 3 3 3 1 1 1 1 2 2 3 3 3 3 3 3 3 3 3 3 3 1 1 1 1 3 3 3 3 3 3 3 3 3 3 3 1 1 1 1 2 2
99 2
1 1 2 2 2 2 2 2 2 2 2 2 2 2 2 2 2 2 2 2 2 2 2 2 2 2 2 2 2 2 2 2 2 1 1 2 2 2 2 2 2 2 2 2 2 2 2 2 2 2 2 2 2 2 2 2 2 2 2 2 2 2 2 2 2 2 1 1 2 2 2 2 2 2 2 2 2 2 2 2 2 2 2 2 2 2 2 2 2 2 2 2 2 2 2 2 2 2 2
100 3
1 2 3 3 3 3 3 3 3 3 3 3 3 3 3 3 3 3 3 3 3 3 3 3 3 3 3 3 3 3 3 3 3 3 3 3 3 3 3 3 3 3 3 3 3 3 3 3 3 3 3 3 3 3 3 3 3 3 3 3 3 3 3 3 3 3 3 3 3 3 3 3 3 3 3 3 3 3 3 3 3 3 3 3 3 3 3 3 3 3 3 3 3 3 3 3 3 3 3 3
98 3
2 2 2 2 2 2 2 2 2 2 2 2 2 2 3 3 3 3 3 3 3 3 3 3 3 3 3 3 3 3 1 1 1 1 1 3 3 3 3 3 3 3 3 3 3 3 3 3 3 3 3 1 1 1 1 1 3 3 3 3 3 3 3 3 3 3 3 3 3 3 3 3 1 1 1 1 1 3 3 3 3 3 3 3 3 3 3 3 3 3 3 3 3 1 1 1 1 1
99 3
2 2 2 2 2 2 3 3 3 3 3 3 3 3 3 3 3 1 1 1 1 1 1 1 1 1 1 1 1 1 1 1 1 2 2 2 2 2 2 3 3 3 3 3 3 3 3 3 3 3 1 1 1 1 1 1 1 1 1 1 1 1 1 1 1 1 2 2 2 2 2 2 3 3 3 3 3 3 3 3 3 3 3 1 1 1 1 1 1 1 1 1 1 1 1 1 1 1 1
96 3
2 2 2 2 2 3 3 3 3 3 3 3 3 3 3 3 3 3 3 3 3 3 3 3 3 3 3 3 3 3 3 3 2 2 2 2 2 3 3 3 3 3 3 3 3 3 3 3 3 3 3 3 3 3 3 3 3 3 3 3 3 3 3 3 2 2 2 2 2 3 3 3 3 3 3 3 3 3 3 3 3 3 3 3 3 3 3 3 3 3 3 3 3 3 3 3
90 3
1 3 3 3 3 2 2 2 3 3 3 3 2 2 2 1 3 3 3 3 2 2 2 3 3 3 3 2 2 2 1 3 3 3 3 2 2 2 3 3 3 3 2 2 2 1 3 3 3 3 2 2 2 3 3 3 3 2 2 2 1 3 3 3 3 2 2 2 3 3 3 3 2 2 2 1 3 3 3 3 2 2 2 3 3 3 3 2 2 2
96 3
2 2 2 2 2 2 3 1 1 1 1 1 3 1 1 1 1 1 3 1 1 1 1 1 2 2 2 2 2 2 3 1 1 1 1 1 3 1 1 1 1 1 3 1 1 1 1 1 2 2 2 2 2 2 3 1 1 1 1 1 3 1 1 1 1 1 3 1 1 1 1 1 2 2 2 2 2 2 3 1 1 1 1 1 3 1 1 1 1 1 3 3 1 1 1 1
96 3
1 1 2 2 2 2 2 3 2 2 2 2 2 3 2 2 2 2 2 3 2 2 2 2 2 3 2 2 2 2 2 3 1 1 2 2 2 2 2 3 2 2 2 2 2 3 2 2 2 2 2 3 2 2 2 2 2 3 2 2 2 2 2 3 1 1 2 2 2 2 2 3 2 2 2 2 2 3 2 2 2 2 2 3 2 2 2 2 2 3 2 2 2 2 2 3
100 3
3 3 3 3 3 3 3 3 3 3 2 3 3 3 3 3 3 3 3 3 3 2 1 1 1 3 3 3 3 3 3 3 3 3 3 2 3 3 3 3 3 3 3 3 3 3 2 1 1 1 3 3 3 3 3 3 3 3 3 3 2 3 3 3 3 3 3 3 3 3 3 2 1 1 1 3 1 3 3 3 3 3 3 3 3 2 3 3 3 3 3 3 3 3 3 3 2 1 1 1
100 3
3 3 3 3 3 1 1 1 1 1 1 3 3 3 3 3 1 1 1 1 1 1 2 2 2 3 3 3 3 3 1 1 1 1 1 1 3 3 3 3 3 1 1 1 1 1 1 2 2 2 3 3 3 3 3 1 1 1 1 1 1 3 3 3 3 3 1 1 1 1 1 1 2 2 2 3 3 3 3 3 1 1 1 1 1 1 3 3 3 3 3 1 1 1 1 1 1 2 2 2
96 3
1 1 1 3 3 3 3 3 3 3 3 3 3 3 3 3 3 3 3 3 3 3 3 3 3 3 3 3 3 3 3 3 3 3 3 3 3 3 3 3 3 3 3 3 3 3 3 3 1 1 1 3 3 3 3 3 3 3 3 3 3 3 3 3 3 3 3 3 3 3 3 3 3 3 3 3 3 3 3 3 3 3 3 3 3 3 3 3 3 3 3 3 3 3 3 3
100 3
3 3 3 3 3 3 3 3 3 3 3 3 3 3 3 3 2 2 2 2 2 2 2 2 2 2 2 2 2 2 2 2 2 2 2 2 2 2 2 1 1 1 1 1 2 2 2 2 2 2 2 2 2 2 2 2 2 2 2 2 2 2 2 2 2 2 2 1 1 1 1 1 2 2 2 2 2 2 2 2 2 2 2 2 2 2 2 2 2 2 2 2 2 2 2 1 1 1 1 1
100 3
3 3 3 3 1 1 1 1 1 1 1 1 1 1 1 1 1 1 1 1 1 1 1 2 2 2 2 1 1 1 1 1 1 1 1 1 1 1 1 1 1 1 1 1 1 1 2 2 2 2 3 3 3 3 1 1 1 1 1 1 1 1 1 1 1 1 1 1 1 1 1 1 1 2 2 2 2 1 1 1 1 1 1 1 1 1 1 1 1 1 1 1 1 1 1 1 2 2 2 2
99 3
1 1 1 1 1 1 1 1 1 1 1 1 1 1 1 1 1 1 1 1 1 2 2 2 2 2 2 2 2 2 2 2 2 2 2 2 2 2 2 2 2 2 2 3 3 3 3 2 2 2 2 2 2 2 2 2 2 2 2 2 2 2 2 2 2 2 2 2 2 3 3 3 3 2 2 2 2 2 2 2 2 2 2 2 2 2 2 2 2 2 2 2 2 2 2 3 3 3 3
90 3
2 2 2 3 3 3 1 1 1 3 3 3 1 1 1 2 2 2 3 3 3 1 1 1 3 2 3 1 1 1 2 2 2 3 3 3 1 1 1 3 3 3 1 1 1 2 2 2 3 3 3 1 1 1 3 3 3 1 1 1 2 2 2 3 3 3 1 1 1 3 3 3 1 1 1 2 2 2 3 3 3 1 1 1 3 3 3 1 1 1
100 3
2 2 2 2 2 2 2 2 2 2 2 2 2 2 2 2 2 2 2 2 2 2 2 2 2 2 2 2 2 2 2 2 2 2 2 2 2 2 2 2 2 2 2 2 2 2 2 2 2 2 2 2 2 2 2 2 2 2 2 2 2 2 2 2 1 1 1 1 1 1 1 1 3 3 3 3 1 1 1 1 1 1 1 1 3 3 3 3 1 1 1 1 1 1 1 1 3 3 3 3
100 3
1 1 2 2 2 2 2 2 2 2 2 2 3 3 3 3 3 3 3 3 1 1 2 2 2 2 2 2 2 2 2 2 3 3 3 3 3 3 3 3 1 1 2 2 2 2 2 2 2 2 2 2 3 3 3 3 3 3 3 3 1 1 2 2 2 2 2 2 2 2 2 2 3 3 3 3 3 3 3 3 1 1 2 2 2 2 2 2 2 2 2 2 3 3 3 3 3 3 3 3
9 3
1 3 3 1 2 2 1 3 3
100 3
2 2 2 2 2 3 3 3 3 1 1 1 1 1 1 3 3 3 3 1 1 1 1 1 1 2 2 2 2 2 3 3 3 3 1 1 1 1 1 1 3 3 3 3 1 1 1 1 1 1 2 2 2 2 2 3 3 3 3 1 1 1 1 1 1 3 3 3 3 1 1 1 1 1 1 2 2 2 2 2 3 3 3 3 1 1 1 1 1 1 3 3 3 3 1 1 1 1 1 1
20 1
1 1 1 1 1 1 1 1 1 1 1 1 1 1 1 1 1 1 1 1
99 2
1 1 1 1 1 2 2 2 2 2 2 2 2 2 2 2 2 2 2 2 1 1 1 1 1 2 2 2 2 2 2 2 2 2 2 2 2 2 2 2 1 1 1 1 1 2 2 2 2 2 2 2 2 2 2 2 2 2 2 2 1 1 1 1 1 2 2 2 2 2 2 2 2 2 2 2 2 2 2 1 1 1 1 1 2 2 2 2 2 2 2 2 2 2 2 2 2 2 2
95 3
1 3 3 3 3 2 2 3 3 3 3 2 2 3 3 3 3 2 2 1 3 3 3 3 2 2 3 3 3 3 2 2 3 3 3 3 2 2 1 3 3 3 3 2 2 3 3 3 3 2 2 3 3 3 3 2 2 1 3 3 3 3 2 2 3 3 3 3 2 2 3 3 3 3 2 2 1 3 3 3 3 2 2 3 3 3 3 2 2 3 3 3 3 2 2
100 3
3 3 3 3 3 3 3 3 3 2 2 2 2 2 2 2 1 1 1 1 3 3 3 3 3 3 3 3 3 2 2 2 2 2 2 2 1 1 1 1 3 3 3 3 3 3 3 3 3 2 2 2 2 2 2 2 1 1 1 1 3 3 3 3 3 3 3 3 3 2 2 2 2 2 2 2 1 1 1 1 3 3 3 3 3 3 3 3 3 2 2 2 2 2 2 2 1 1 1 1
100 3
2 2 2 3 3 3 3 3 3 3 3 3 1 1 1 1 1 1 1 1 2 2 2 3 3 3 3 3 3 3 3 3 1 1 1 1 1 1 1 1 2 2 2 3 3 3 3 3 3 3 3 3 1 1 1 1 1 1 1 1 2 2 2 3 3 3 3 3 3 3 3 3 1 1 1 1 1 1 1 1 2 2 2 3 3 3 3 3 3 3 3 3 1 1 1 1 1 1 1 1
100 3
2 2 2 2 2 2 2 2 2 2 2 2 2 2 2 2 2 2 3 3 3 3 3 2 2 2 2 2 2 2 2 2 2 2 2 2 2 2 2 2 2 3 3 3 3 3 1 1 1 1 2 2 2 2 2 2 2 2 2 2 2 2 2 2 2 2 2 2 3 3 3 3 3 2 2 2 2 2 2 2 2 2 2 2 2 2 2 2 2 2 2 3 3 3 3 3 1 1 1 1
100 3
3 3 3 3 3 3 2 2 2 1 1 1 1 2 2 2 1 1 1 1 3 3 3 3 3 3 2 2 2 1 1 1 1 2 2 2 1 1 1 1 3 3 3 3 3 3 2 2 2 1 1 1 1 2 2 2 1 1 1 1 3 3 3 3 3 3 2 2 2 1 1 1 1 2 2 2 1 1 1 1 3 3 3 3 3 3 2 2 2 1 1 1 1 2 2 2 1 1 1 1
97 3
2 2 2 2 2 3 2 2 2 2 2 3 2 2 2 2 2 3 2 2 2 2 2 3 2 2 2 2 2 3 1 1 1 1 1 1 1 1 1 1 1 1 1 1 1 1 1 1 1 1 1 1 1 1 1 1 1 1 1 1 1 1 1 1 1 1 1 1 1 1 1 1 1 1 1 1 1 1 1 1 1 1 1 1 1 1 1 1 1 1 1 1 1 1 1 1 1
100 3
3 3 3 3 3 3 2 2 2 2 2 1 1 1 1 1 1 2 2 2 2 2 1 1 1 1 1 1 2 2 2 2 2 1 1 1 1 1 1 2 2 2 2 2 1 1 1 1 1 1 3 3 3 3 3 3 2 2 2 2 2 1 1 1 1 1 1 2 2 2 2 2 1 1 1 1 1 1 2 2 2 2 2 1 1 1 1 1 1 2 2 2 2 2 1 1 1 1 1 1
90 3
2 2 2 2 2 3 2 2 2 2 2 3 1 1 1 2 2 2 2 2 3 2 2 2 2 2 3 1 1 1 2 2 2 2 2 3 2 2 2 2 2 3 1 1 1 2 2 2 2 2 3 2 2 2 2 2 3 1 1 1 2 2 2 2 2 3 2 2 2 2 2 3 1 1 1 2 2 2 2 2 3 2 2 2 2 2 3 1 1 1
100 3
1 1 1 1 1 1 1 1 3 3 3 3 3 3 3 3 2 2 2 2 1 1 1 1 1 1 1 1 3 3 3 3 3 3 3 3 2 2 2 2 1 1 1 1 1 1 1 1 3 3 3 3 3 3 3 3 2 2 2 2 1 1 1 1 1 1 1 1 3 3 3 3 3 3 3 3 2 2 2 2 1 1 1 1 1 1 1 1 3 3 3 3 3 3 3 3 2 2 2 2
100 3
1 1 1 1 1 1 1 1 1 1 1 1 1 1 1 1 1 1 1 1 1 1 1 1 1 1 1 1 1 1 1 1 1 1 1 1 1 1 1 1 1 1 1 1 1 1 1 1 1 1 1 1 1 1 1 1 1 1 1 1 1 1 1 1 1 1 1 1 1 1 1 1 1 1 1 1 1 1 1 2 3 3 3 3 3 3 2 3 3 3 3 3 3 2 3 3 3 3 3 3
96 3
3 3 2 2 2 2 2 2 2 2 2 2 1 2 2 2 2 2 2 2 2 2 2 1 3 3 2 2 2 2 2 2 2 2 2 2 1 2 2 2 2 2 2 2 2 2 2 1 3 3 2 2 2 2 2 2 2 2 2 2 1 2 2 2 2 2 2 2 2 2 2 1 3 3 2 2 2 2 2 2 2 2 2 2 1 2 2 2 2 2 2 2 2 2 2 1
90 3
1 1 3 1 1 3 1 1 3 1 1 3 2 2 2 1 1 3 1 1 3 1 1 3 1 1 3 2 2 2 1 1 3 1 1 3 1 1 3 1 1 3 2 2 2 1 1 3 1 1 3 1 1 3 1 1 3 2 2 2 1 1 3 1 1 3 1 1 3 1 1 3 2 2 2 1 1 3 1 1 3 1 1 3 1 1 3 2 2 2
100 2
2 1 2 1 2 1 2 1 2 1 2 1 2 1 2 1 2 1 2 1 2 1 2 1 2 1 2 1 2 1 2 1 2 1 2 1 2 1 2 1 2 1 2 1 2 1 2 1 2 1 2 1 2 1 2 1 2 1 2 1 2 1 2 1 2 1 2 1 2 1 2 1 2 1 2 1 2 1 2 1 2 1 2 1 2 1 2 1 2 1 2 1 2 1 2 1 2 1 2 1
98 3
3 3 3 3 3 3 3 3 3 3 2 3 3 3 3 3 3 3 3 3 3 2 3 3 3 3 3 3 3 3 3 3 2 3 3 3 3 3 3 3 3 3 3 2 1 1 1 1 1 3 3 3 3 3 3 3 3 3 3 2 3 3 3 3 3 3 3 3 3 3 2 3 3 3 3 3 3 3 3 3 3 2 3 3 3 3 3 3 3 3 3 3 2 1 1 1 1 1
100 3
2 2 2 2 2 2 2 2 2 2 2 2 2 2 2 2 2 2 2 2 2 2 2 2 2 2 2 2 2 2 2 2 2 2 2 2 2 2 2 2 2 2 2 2 2 2 2 2 2 2 2 2 2 2 2 2 2 2 1 1 1 1 1 1 1 1 1 1 1 1 1 1 1 1 1 3 3 3 3 3 3 3 3 3 3 3 3 3 3 3 3 3 3 3 3 3 3 3 3 3
100 3
1 1 1 1 1 3 3 2 2 2 3 3 2 2 2 3 3 2 2 2 3 3 2 2 2 1 1 1 1 1 3 3 2 2 2 3 3 2 2 2 3 3 2 2 2 3 3 2 2 2 1 1 1 1 1 3 3 2 2 2 3 3 2 2 2 3 3 2 2 2 3 3 2 2 2 1 1 1 1 1 3 3 2 2 2 3 3 2 2 2 3 3 2 2 2 3 3 2 2 2
100 3
2 2 2 2 2 2 2 2 2 2 2 2 2 2 2 2 2 1 1 1 1 1 3 3 3 2 2 2 2 2 2 2 2 2 2 2 2 2 2 2 2 2 1 1 1 1 1 3 3 3 2 2 2 2 2 2 2 2 2 2 2 2 2 2 2 2 2 1 1 2 1 1 3 3 3 2 2 2 2 2 2 2 2 2 2 2 2 2 2 2 2 2 1 1 1 1 1 3 3 3
93 3
2 3 3 3 3 3 3 2 3 3 3 3 3 3 2 3 3 3 3 3 3 2 3 3 3 3 3 3 1 1 1 2 3 3 3 3 3 3 2 3 3 3 3 3 3 2 3 3 3 3 3 3 2 3 3 3 3 3 3 1 1 1 2 3 3 3 3 3 3 2 3 3 3 3 3 3 2 3 3 3 3 3 3 2 3 3 3 3 3 3 1 1 1
100 3
1 1 1 1 3 3 3 3 3 3 3 3 3 3 3 3 3 3 3 3 3 3 3 3 3 3 3 3 3 2 2 2 2 1 1 1 1 3 3 3 3 3 3 3 3 3 3 3 3 3 3 3 3 3 3 3 3 3 3 3 3 3 3 2 2 2 2 1 1 1 1 3 3 3 3 3 3 3 3 3 3 3 3 3 3 3 3 3 3 3 3 3 3 3 3 3 2 2 2 2
100 3
1 1 1 1 1 1 3 3 3 2 2 2 2 3 3 3 2 2 2 2 1 1 1 1 1 1 3 3 3 2 2 2 2 3 3 3 2 2 2 2 1 1 1 1 1 1 3 3 3 2 2 2 2 3 3 3 2 2 2 2 1 1 1 1 1 1 3 3 3 2 2 2 2 3 3 3 2 2 2 2 1 1 1 1 1 1 3 3 3 2 2 2 2 3 3 3 2 2 2 2
100 3
1 1 1 1 1 2 1 1 1 1 1 2 1 1 1 1 1 2 3 3 1 1 1 1 1 2 1 1 1 1 1 2 1 1 1 1 1 2 3 3 1 1 1 1 1 2 1 1 1 1 1 2 1 1 1 1 1 2 3 3 1 1 1 1 1 2 1 1 1 1 1 2 1 1 1 1 1 2 3 3 1 1 1 1 1 2 1 1 1 1 1 2 1 1 1 1 1 2 3 3
98 3
3 3 3 2 2 2 2 2 2 2 2 2 2 2 2 2 2 2 2 2 2 2 2 2 2 1 2 2 2 2 2 2 2 2 2 2 2 2 2 2 2 2 2 2 2 2 2 2 1 3 3 3 2 2 2 2 2 2 2 2 2 2 2 2 2 2 2 2 2 2 2 2 2 2 1 2 2 2 2 2 2 2 2 2 2 2 2 2 2 2 2 2 2 2 2 2 2 1
90 3
1 3 3 3 3 1 3 3 3 3 1 3 3 3 3 2 2 2 1 3 3 3 3 1 3 3 3 3 1 3 3 3 3 2 2 2 1 3 3 3 3 1 3 3 3 3 1 3 3 3 3 2 2 2 1 3 3 3 3 1 3 3 3 3 1 3 3 3 3 2 2 2 1 3 3 3 3 1 3 3 3 3 1 3 3 3 3 2 2 2
