100
96 3
2 2 2 2 3 3 3 3 3 1 1 1 1 1 1 1 2 2 2 2 3 3 3 3 3 1 1 1 1 1 1 1 2 2 2 2 3 3 3 3 3 1 1 1 1 1 1 1 2 2 2 2 3 3 3 3 3 2 1 1 1 1 1 1 2 2 2 2 3 3 3 3 3 1 1 1 1 1 1 1 2 2 2 2 3 3 3 3 3 1 1 1 1 1 1 1
96 3
1 1 1 1 1 1 1 1 2 2 2 2 2 1 1 1 1 1 1 1 1 2 2 2 2 2 3 3 3 3 3 3 1 1 1 1 1 1 1 1 2 2 2 2 2 1 1 1 1 1 1 1 1 2 2 2 2 2 3 3 3 3 3 3 1 1 1 1 1 1 1 1 2 2 2 2 2 1 1 1 1 1 1 1 1 2 2 2 2 2 3 3 3 3 3 3
100 3
2 2 2 2 2 3 1 1 1 1 3 1 1 1 1 3 1 1 1 1 3 1 1 1 1 2 2 2 2 2 3 1 1 1 1 3 1 1 1 1 3 1 1 1 1 3 1 1 1 1 2 2 2 2 2 3 1 1 1 1 3 1 1 1 1 3 1 1 1 1 3 1 1 1 1 2 2 2 2 2 3 1 1 1 1 3 1 1 1 1 3 1 1 1 1 3 1 1 1 1
98 3
1 1 1 1 1 2 2 2 1 1 1 1 1 2 2 2 1 1 1 1 1 2 2 2 1 1 1 1 1 2 2 2 1 1 1 1 1 2 2 2 1 1 1 1 1 1 1 1 1 1 1 1 1 1 1 1 1 1 1 1 1 1 1 1 1 1 1 1 1 2 1 1 1 1 1 1 1 1 1 1 1 1 1 1 1 1 1 1 1 1 1 1 1 1 1 1 1 1
84 3
3 1 3 1 3 1 3 1 3 1 3 1 2 2 3 1 1 1 3 1 3 1 3 1 3 1 2 2 3 1 3 1 3 1 3 1 3 1 3 1 2 2 3 1 3 1 3 1 3 1 3 1 3 1 2 2 3 1 3 1 3 1 3 1 3 1 3 1 2 2 3 1 3 1 3 1 3 1 3 1 3 1 2 2
88 3
3 3 2 2 2 2 1 2 2 2 2 1 2 2 2 2 1 2 2 2 2 1 3 3 2 2 2 2 1 2 2 2 2 1 2 2 2 2 1 2 2 2 2 1 3 3 2 2 2 2 1 2 2 2 2 1 2 2 2 2 1 2 2 2 2 1 3 3 2 2 2 2 1 2 2 2 2 1 2 2 2 2 1 2 2 2 2 1
100 3
2 2 2 2 2 2 1 1 1 1 1 1 1 3 3 3 3 3 3 3 2 2 2 2 2 2 1 1 1 1 1 1 1 3 3 3 3 3 3 3 2 2 2 2 2 2 1 1 1 1 1 1 1 3 3 3 3 3 3 3 2 2 2 2 2 2 1 1 1 1 1 1 1 3 3 3 3 3 3 3 2 2 2 2 2 2 1 1 1 1 1 1 1 3 3 3 3 3 3 3
96 3
3 3 3 3 1 1 1 1 1 1 1 1 2 2 1 1 1 1 1 1 1 1 2 2 3 3 3 3 1 1 1 1 1 1 1 1 2 2 1 1 1 1 1 1 1 1 2 2 3 3 3 3 1 1 1 1 1 1 1 1 2 2 1 1 1 1 1 1 1 1 2 2 3 3 3 3 1 1 1 1 1 1 1 1 2 2 1 1 1 1 1 1 1 1 2 2
99 3
3 3 3 3 2 2 2 3 3 3 3 2 2 2 3 3 3 3 2 2 2 3 3 3 3 2 2 2 3 3 3 3 2 2 2 1 1 1 1 1 1 1 1 1 1 1 1 1 1 1 1 1 1 1 1 1 1 1 1 1 1 1 1 1 1 1 1 1 1 1 1 1 1 1 1 1 1 1 1 1 1 1 1 1 1 1 1 1 1 1 1 1 1 1 1 1 1 1 1
98 3
3 1 1 1 1 1 1 1 1 1 2 2 2 1 1 1 1 1 1 1 1 1 2 2 2 1 1 1 1 1 1 1 1 1 2 2 2 1 1 1 1 1 1 1 1 1 2 2 2 3 1 1 1 1 1 1 1 1 1 2 2 2 1 1 1 1 1 1 1 1 1 2 2 2 1 1 1 1 1 1 1 1 1 2 2 2 1 1 1 1 1 1 1 1 1 2 2 2
84 3
3 1 1 1 2 1 1 1 2 1 1 1 2 1 1 1 2 1 1 1 2 3 1 1 1 2 1 1 1 2 1 1 1 2 1 1 1 2 1 1 1 2 3 1 1 1 2 1 1 1 2 1 1 1 2 1 1 1 2 1 1 1 2 3 1 1 1 2 1 1 1 2 1 1 1 2 1 1 1 2 1 1 1 2
96 3
2 2 2 2 2 2 1 1 1 1 1 1 1 1 1 1 1 1 1 3 1 1 1 1 1 1 1 1 1 1 1 1 1 3 1 1 1 1 1 1 1 1 1 1 1 1 1 3 2 2 2 2 2 2 1 1 1 1 1 1 1 1 1 1 1 1 1 3 1 1 1 1 1 1 1 1 1 1 1 1 1 3 1 1 1 1 1 1 1 1 1 1 1 1 1 3
100 3
3 3 3 3 3 2 2 2 2 2 2 2 2 2 2 2 2 2 1 1 1 1 1 1 2 2 2 2 2 2 2 2 2 2 2 2 2 1 1 1 1 1 1 2 2 2 2 2 2 2 2 2 2 2 2 2 1 1 1 1 1 1 2 2 2 2 2 2 2 2 2 2 2 2 2 1 1 1 1 1 1 2 2 2 2 2 2 2 2 2 2 2 2 2 1 1 1 1 1 1
93 3
1 1 3 1 1 1 3 1 1 3 1 1 3 1 1 3 1 1 3 1 1 1 1 1 1 1 3 1 1 3 1 1 3 1 1 3 1 1 3 1 1 3 1 1 1 1 1 1 1 3 1 1 3 1 1 3 1 1 3 1 1 3 1 1 3 1 1 1 1 1 1 1 3 1 1 3 1 1 3 1 1 3 1 1 3 1 1 3 1 1 1 1 1
100 3
3 1 1 1 1 3 1 1 1 1 3 1 1 1 1 3 1 1 1 1 2 2 2 2 2 3 1 1 1 1 3 1 1 1 1 3 1 1 1 1 3 1 1 1 1 2 2 2 2 2 3 1 1 1 1 3 1 1 1 1 3 1 1 1 1 3 1 1 1 1 2 2 2 2 2 3 1 1 1 1 3 1 1 1 1 3 1 1 1 1 3 1 1 1 1 2 2 2 2 2
92 3
2 2 2 2 2 2 1 1 1 1 1 1 1 3 1 1 1 1 1 1 1 3 1 1 1 1 1 1 1 3 1 1 1 1 1 1 1 3 1 1 1 1 1 1 1 3 2 2 2 2 2 2 1 1 1 1 1 1 1 3 1 1 1 1 1 1 1 3 1 1 1 1 1 1 1 3 1 1 1 1 1 1 1 3 1 1 1 1 1 1 1 3
98 3
2 2 2 2 2 1 1 1 1 3 3 3 1 1 1 1 3 3 3 1 1 1 1 3 3 3 1 1 1 1 3 3 3 2 2 2 2 2 1 1 1 1 3 3 3 1 1 1 1 3 3 3 1 1 1 3 3 3 1 1 1 1 3 3 3 2 2 2 2 2 1 1 1 1 3 3 3 1 1 1 1 3 3 3 1 1 1 1 3 3 3 1 1 1 1 3 3 3
99 3
1 1 1 1 1 1 1 1 1 1 1 1 1 1 1 1 1 1 1 1 1 2 2 2 2 2 2 2 2 2 2 2 2 2 2 2 2 2 2 2 2 2 2 2 2 2 2 2 2 2 2 2 2 2 2 3 3 3 3 3 2 2 2 2 2 2 2 2 2 2 2 2 2 2 2 2 2 2 2 2 2 2 2 2 2 2 2 2 2 2 2 2 2 2 3 3 3 3 3
100 3
3 3 3 3 3 1 1 1 1 1 2 2 2 2 2 1 1 1 1 1 2 2 2 2 2 3 3 3 3 3 1 1 1 1 1 2 2 2 2 2 1 1 1 1 1 2 2 2 2 2 3 3 3 3 3 1 1 1 1 1 2 2 2 2 2 1 1 1 1 1 2 2 2 2 2 3 3 3 3 3 1 1 1 1 1 2 2 2 2 2 1 1 1 1 1 2 2 2 2 2
100 3
2 2 2 2 2 1 1 1 1 1 1 1 1 1 1 1 1 1 1 1 1 3 3 3 3 2 2 2 2 2 1 1 1 1 1 1 1 1 1 1 1 1 1 1 1 1 3 3 3 3 2 2 2 2 2 1 1 1 1 1 1 1 1 1 1 1 1 1 1 1 1 3 3 3 3 2 2 2 2 2 1 1 1 1 1 1 1 1 1 1 1 1 1 1 1 1 3 3 3 3
100 3
1 1 1 2 2 2 2 2 2 2 2 2 2 2 2 2 2 1 1 1 1 1 1 2 2 2 2 2 2 2 2 2 2 2 2 2 2 1 1 1 1 1 1 2 2 2 2 2 2 2 2 2 2 2 2 2 2 1 1 1 1 1 1 2 2 2 2 2 2 2 2 2 2 2 2 2 2 1 1 1 1 1 1 2 2 2 2 2 2 2 2 2 2 2 2 2 2 1 1 1
100 3
2 2 2 2 2 2 2 2 2 2 2 2 1 1 1 1 1 1 1 3 2 2 2 2 2 2 2 2 2 2 2 2 1 1 1 1 1 1 1 3 2 2 2 2 2 2 2 2 2 2 2 2 1 1 1 1 1 1 1 3 2 2 2 2 2 2 2 2 2 2 2 2 1 1 1 1 1 1 1 3 2 2 2 2 2 2 2 2 2 2 2 2 1 1 1 1 1 1 1 3
100 3
3 3 2 2 2 2 2 2 2 2 2 2 2 2 2 2 2 2 2 2 3 2 2 2 2 2 2 2 1 1 1 1 1 1 1 1 1 1 1 1 1 1 1 1 1 1 1 1 1 1 3 3 2 2 2 2 2 2 2 2 2 2 2 2 2 2 2 2 2 2 2 2 2 2 2 2 2 2 1 1 1 1 1 1 1 1 1 1 1 1 1 1 1 1 1 1 1 1 1 1
90 3
2 3 3 2 3 3 2 3 3 1 1 1 1 1 1 2 3 3 2 3 3 2 3 3 1 1 1 1 1 1 2 3 3 2 3 3 2 3 3 1 1 1 1 1 1 2 3 3 2 3 3 2 3 3 1 1 1 1 1 1 2 3 3 2 3 3 2 3 3 1 1 1 1 1 1 2 3 3 2 3 3 2 3 3 1 1 1 1 1 1
100 3
1 1 1 1 1 1 1 1 1 1 1 1 1 1 2 2 2 2 2 1 1 1 1 1 1 1 1 1 1 1 1 1 1 1 2 2 2 2 2 1 1 1 1 1 1 1 1 1 1 1 1 1 1 1 2 2 2 2 2 1 1 1 1 1 1 1 1 1 1 1 1 1 1 1 2 2 2 2 2 1 1 1 1 1 1 1 1 1 1 1 1 1 1 1 2 2 2 2 2 1
78 3
2 1 2 1 2 1 2 1 2 1 3 3 3 2 1 2 1 2 1 2 1 2 1 3 3 3 2 1 2 1 2 1 2 1 2 1 3 3 3 2 1 2 1 2 1 2 1 2 1 3 3 3 2 1 2 1 2 1 2 1 2 1 3 3 3 2 1 2 1 2 1 2 1 2 1 3 3 3
100 3
3 3 2 2 2 2 2 3 3 2 2 2 2 2 1 1 1 1 1 1 3 3 2 2 2 2 2 3 3 2 2 2 2 2 1 1 1 1 1 1 3 3 2 2 2 2 2 3 3 2 2 2 2 2 1 1 1 1 1 1 3 3 2 2 2 2 2 3 3 2 2 2 2 2 1 1 1 1 1 1 3 3 2 2 2 2 2 3 3 2 2 2 2 2 1 1 1 1 1 1
91 3
1 1 1 1 1 3 3 2 2 2 2 3 3 2 2 2 2 3 3 2 2 2 1 1 1 1 1 3 3 2 2 2 2 3 3 2 2 2 2 3 3 2 2 2 2 1 1 1 1 1 3 3 2 2 2 2 3 3 2 2 2 2 3 3 2 2 2 2 1 1 1 1 1 3 3 2 2 2 2 3 3 2 2 2 2 3 3 2 2 2 2
96 3
1 1 3 3 3 3 3 3 3 3 3 3 3 2 2 2 1 1 3 3 3 3 3 3 3 3 3 3 3 2 2 2 1 1 3 3 3 3 3 3 3 3 3 3 3 2 2 2 1 1 3 3 3 3 3 3 3 3 3 3 3 2 2 2 1 1 3 3 3 3 3 3 3 3 3 3 3 2 2 2 1 1 3 3 3 3 3 3 3 3 3 3 3 2 2 2
98 2
2 2 2 2 2 2 2 2 2 2 2 2 2 2 2 2 2 2 2 2 2 2 2 2 2 2 2 2 2 2 2 1 2 2 2 2 2 2 2 2 2 2 2 2 2 2 2 2 2 2 2 2 2 2 2 2 2 2 2 2 2 2 2 2 1 2 2 2 2 2 2 2 2 2 2 2 2 2 2 2 2 2 2 2 2 2 2 2 2 2 2 2 2 2 2 2 2 1
98 3
3 3 1 3 3 3 3 3 1 1 1 1 3 3 3 3 3 3 3 1 1 1 1 3 3 3 3 3 3 3 1 1 1 1 3 3 3 3 3 3 3 1 1 1 1 3 3 3 3 3 3 3 1 1 1 1 3 3 3 3 3 3 3 1 1 1 1 2 2 2 2 2 2 2 2 2 2 2 2 2 2 2 2 2 2 2 2 2 2 2 2 2 2 2 2 2 2 2
100 2
2 2 2 2 2 2 2 2 2 2 2 2 1 1 1 1 1 1 1 1 1 1 1 1 1 1 1 1 1 1 1 1 1 1 1 1 1 1 1 1 1 1 1 1 1 1 1 1 1 1 1 1 1 1 1 1 1 1 1 1 1 1 1 1 1 1 1 1 1 1 1 1 1 1 1 1 1 1 1 1 1 1 1 1 1 1 1 1 1 1 1 1 1 1 1 1 1 1 1 1
96 3
1 1 1 1 1 1 3 3 3 3 1 1 1 1 1 1 3 3 3 3 1 1 1 1 1 1 3 3 3 3 2 2 1 1 1 1 1 1 3 3 3 3 1 1 1 1 1 1 3 3 3 3 1 1 1 1 1 1 3 3 3 3 2 2 1 1 1 1 1 1 3 3 3 3 1 1 1 1 1 1 3 3 3 3 1 1 1 1 1 1 3 3 3 3 2 2
100 3
2 2 2 2 1 1 1 3 3 3 3 3 3 3 3 3 3 3 3 3 3 3 3 3 3 2 2 2 2 1 1 1 3 3 3 3 3 3 3 3 3 3 3 3 3 3 3 3 3 3 2 2 2 2 1 1 1 3 3 3 3 3 3 3 3 3 3 3 3 3 3 3 3 3 3 2 2 2 2 1 1 1 3 3 3 3 3 3 3 3 3 3 3 3 3 3 3 3 3 3
100 3
3 3 3 3 3 3 1 1 1 1 1 1 2 1 1 1 1 1 1 2 3 3 3 3 3 3 1 1 1 1 1 1 2 1 1 1 1 1 1 2 3 3 3 3 3 3 1 1 1 1 1 1 2 1 1 1 1 1 1 2 3 3 3 3 3 3 1 1 1 1 1 1 2 1 1 1 1 1 1 2 3 3 3 3 3 3 1 1 1 1 1 1 2 1 1 1 1 1 1 2
84 3
1 1 1 1 1 3 1 1 1 3 1 1 1 3 1 1 1 1 1 3 1 1 1 3 1 1 1 3 1 1 1 1 1 3 1 1 1 3 1 1 1 3 1 1 1 1 1 3 1 1 1 3 1 1 1 3 1 1 1 1 1 3 1 1 1 3 1 1 1 3 1 1 1 1 1 3 1 1 1 3 3 1 1 3
100 3
1 1 2 2 2 2 1 1 2 2 2 2 1 1 2 2 2 2 3 3 1 1 2 2 2 2 1 1 2 2 2 2 1 1 2 2 2 2 3 3 1 1 2 2 2 2 1 1 2 2 2 2 1 1 2 2 2 2 3 3 1 1 2 2 2 2 1 1 2 2 2 2 1 1 2 2 2 2 3 3 1 1 2 2 2 2 1 1 2 2 2 2 1 1 2 2 2 2 3 3
100 3
2 2 2 2 2 3 3 3 2 2 2 2 2 3 3 3 2 2 2 2 2 3 3 3 2 2 2 2 2 3 3 3 2 2 2 2 2 3 3 3 3 3 3 3 3 3 3 3 3 3 3 3 3 3 3 3 3 3 3 3 3 3 3 3 3 3 3 3 3 3 3 3 3 3 3 3 3 3 3 3 3 3 3 3 3 3 3 3 3 3 3 3 3 3 3 3 3 3 3 3
100 3
2 2 2 2 2 2 3 3 3 2 2 2 2 2 2 3 3 3 1 1 2 2 2 2 2 2 3 3 3 2 2 2 2 2 2 3 3 3 1 1 2 2 2 2 2 2 3 3 3 2 2 2 2 2 2 3 3 3 1 1 2 2 2 2 2 2 3 3 3 2 2 2 2 2 2 3 3 3 1 1 2 2 2 2 2 2 3 3 3 2 2 2 2 2 2 3 3 3 1 1
88 3
1 2 2 2 1 2 2 2 1 2 2 2 1 2 2 2 3 3 3 3 3 3 1 2 2 2 1 2 2 2 1 2 2 2 1 2 2 2 3 3 3 3 3 3 1 2 2 2 1 2 2 2 1 2 2 2 1 2 2 2 3 3 3 3 3 3 1 2 2 2 1 2 2 2 1 2 2 2 1 2 2 2 3 3 3 3 3 3
85 3
1 1 1 1 2 2 3 3 2 2 3 3 2 2 3 3 2 2 3 3 2 2 3 3 2 2 3 3 1 1 1 1 2 1 2 3 3 2 2 3 3 2 2 3 3 2 2 3 3 2 2 3 3 2 2 3 3 1 1 1 1 2 2 3 3 2 2 3 3 2 2 3 3 2 2 3 3 2 2 3 3 2 2 3 3
97 3
3 3 3 3 3 3 3 1 1 1 1 1 3 3 3 3 3 3 3 1 1 1 1 1 3 3 3 3 3 3 3 1 1 1 1 1 3 3 3 3 3 3 3 1 1 1 1 1 2 2 2 2 2 2 2 2 2 2 2 2 2 2 2 2 2 2 2 2 2 2 2 2 2 2 2 2 2 2 2 2 2 2 2 2 2 2 2 2 2 2 2 2 2 2 2 2 2
96 3
3 3 2 2 2 2 2 2 2 2 1 1 1 1 1 1 3 3 2 2 2 2 2 2 2 2 1 1 1 1 1 1 3 3 2 2 2 2 2 2 2 2 1 1 1 1 1 1 3 3 2 2 2 2 2 2 2 2 1 1 1 1 1 1 3 3 2 2 2 2 2 2 2 2 1 1 1 1 1 1 3 3 2 2 2 2 2 2 2 2 1 1 1 1 1 1
99 3
2 2 2 2 2 2 2 2 2 2 2 2 2 2 2 2 2 2 2 2 2 2 2 2 2 2 2 2 2 2 2 2 2 2 2 2 2 2 2 2 2 2 2 2 2 2 2 2 2 2 2 2 2 2 2 2 2 2 2 2 2 2 2 2 2 2 2 2 2 2 2 1 1 1 1 3 3 3 1 1 1 1 3 3 3 1 1 1 1 3 3 3 1 1 1 1 3 3 3
100 3
3 3 3 3 3 3 1 1 1 1 1 1 1 1 1 1 1 1 1 1 1 1 1 1 2 3 3 3 3 1 3 1 1 1 1 1 1 1 1 1 1 1 1 1 1 1 1 1 1 2 3 3 3 3 3 3 1 1 1 1 1 1 1 1 1 1 1 1 1 1 1 1 1 1 2 3 3 3 3 3 3 1 1 1 1 1 1 1 1 1 1 1 1 1 1 1 1 1 1 2
99 3
2 3 1 2 3 1 2 3 1 2 3 1 2 3 1 2 3 1 2 3 1 2 3 1 2 3 1 2 3 1 2 3 1 2 3 1 2 3 1 2 3 1 2 3 1 2 3 1 2 3 1 2 3 1 2 3 1 2 3 1 2 3 1 2 3 1 2 3 1 2 3 1 2 3 1 2 3 1 2 3 1 2 3 1 2 3 1 2 3 1 2 3 1 2 3 1 2 3 1
96 3
1 1 1 3 3 1 1 1 3 3 2 2 2 2 3 2 1 1 1 3 3 1 1 1 3 3 2 2 2 2 2 2 1 1 1 3 3 1 1 1 3 3 2 2 2 2 2 2 1 1 1 3 3 1 1 1 3 3 2 2 2 2 2 2 1 1 1 3 3 1 1 1 3 3 2 2 2 2 2 2 1 1 1 3 3 1 1 1 3 3 2 2 2 2 2 2
100 2
2 1 2 1 2 1 2 1 2 1 2 1 2 1 2 1 2 1 2 1 2 1 2 1 2 1 2 1 2 1 2 1 2 1 2 1 2 1 2 1 2 1 2 1 2 1 2 1 2 1 2 1 2 1 2 1 2 1 2 1 2 1 2 1 2 1 2 1 2 1 2 1 2 1 2 1 2 1 2 1 2 1 2 1 2 1 2 1 2 1 2 1 2 1 2 1 2 1 2 1
9 3
1 3 3 1 2 2 1 3 3
96 3
2 2 3 3 3 3 3 3 3 3 3 3 3 3 1 1 1 3 3 3 3 3 3 3 3 3 3 3 3 1 1 1 2 2 3 3 3 3 3 3 3 3 3 3 3 3 1 1 1 3 3 3 3 3 3 3 3 3 3 3 3 1 1 1 2 2 3 3 3 3 3 3 3 3 3 3 3 3 1 1 1 3 3 3 3 3 3 3 3 3 3 3 3 1 1 1
81 3
1 2 1 2 1 2 1 2 1 2 1 2 3 3 3 3 1 2 1 2 1 2 1 2 1 2 1 2 3 3 3 3 1 2 1 2 1 2 1 2 1 2 1 2 3 3 3 3 1 2 1 2 1 2 1 2 1 2 1 2 3 3 3 3 1 2 1 2 1 2 1 2 1 2 3 1 2 3 3 3 3
96 3
1 1 1 1 1 1 1 1 1 1 1 3 2 2 2 2 1 1 1 1 1 1 1 1 1 1 1 3 2 2 2 2 1 1 1 1 1 1 1 1 1 1 1 3 2 2 2 2 1 1 1 1 1 1 1 1 1 1 1 3 2 2 2 2 1 1 1 1 1 1 1 1 1 1 1 3 2 2 2 2 1 1 1 1 1 1 1 1 1 1 1 3 2 2 2 2
100 3
3 3 3 3 3 3 3 3 3 3 3 3 3 3 3 3 3 3 3 3 3 3 3 3 3 3 3 3 3 3 3 3 3 3 3 3 3 3 3 3 3 3 3 3 3 3 3 3 3 3 3 3 3 3 3 3 3 3 3 3 3 3 1 1 1 1 1 1 1 1 1 1 1 1 1 1 1 1 1 1 1 1 1 1 1 1 1 1 1 1 1 1 1 1 2 2 2 2 2 2
99 3
3 3 3 3 3 3 3 1 1 1 1 1 1 1 1 1 1 1 1 1 1 1 1 1 1 1 1 1 2 2 2 2 2 3 3 3 3 3 3 3 1 1 1 1 1 1 1 1 1 1 1 1 1 1 1 1 1 1 1 1 1 2 2 2 2 2 3 3 3 3 2 3 3 1 1 1 1 1 1 1 1 1 1 1 1 1 1 1 1 1 1 1 1 1 2 2 2 2 2
92 3
2 2 2 2 2 2 1 1 1 2 2 2 2 2 2 1 1 1 2 2 2 2 2 2 1 1 1 2 2 2 2 2 2 1 1 1 2 2 2 2 2 2 1 1 1 3 2 2 2 2 2 2 1 1 1 2 2 2 2 2 2 1 1 1 2 2 2 2 2 2 1 1 1 2 2 2 2 2 2 1 1 1 2 2 2 2 2 2 1 1 1 3
100 3
3 3 3 3 3 3 3 3 3 3 3 3 3 3 3 3 3 3 3 3 2 2 2 2 2 2 2 2 2 2 2 2 2 2 2 2 2 2 2 2 2 2 2 2 2 2 2 2 2 2 2 2 2 2 2 2 2 2 2 3 2 2 2 2 2 2 2 2 2 2 2 2 2 2 2 2 2 2 2 2 2 2 2 2 2 2 2 2 2 2 2 2 2 2 2 2 2 2 2 3
100 1
1 1 1 1 1 1 1 1 1 1 1 1 1 1 1 1 1 1 1 1 1 1 1 1 1 1 1 1 1 1 1 1 1 1 1 1 1 1 1 1 1 1 1 1 1 1 1 1 1 1 1 1 1 1 1 1 1 1 1 1 1 1 1 1 1 1 1 1 1 1 1 1 1 1 1 1 1 1 1 1 1 1 1 1 1 1 1 1 1 1 1 1 1 1 1 1 1 1 1 1
98 3
3 2 2 2 2 3 2 2 2 2 3 2 2 2 2 3 2 2 2 2 1 1 1 1 1 1 1 1 1 1 1 1 1 1 1 1 1 1 1 1 1 1 1 1 1 1 1 1 1 1 1 1 1 1 1 1 1 1 1 1 1 1 1 1 1 1 1 1 1 1 1 1 1 1 1 1 1 1 1 1 1 1 1 1 1 1 1 1 1 1 1 1 1 1 1 1 1 1
100 3
3 3 3 3 3 3 3 3 3 3 3 3 3 3 3 1 1 1 1 1 3 3 3 3 3 3 3 3 3 3 3 3 3 3 3 1 1 1 1 1 3 3 3 3 3 3 3 3 3 3 3 3 3 3 3 1 3 1 1 1 3 3 3 3 3 3 3 3 3 3 3 3 3 3 3 1 1 1 1 1 3 3 3 3 3 3 3 3 3 3 3 3 3 3 3 1 1 1 1 1
100 3
3 3 3 3 2 2 2 2 3 3 3 3 2 2 2 2 1 1 1 1 3 3 3 3 2 2 2 2 3 3 3 3 2 2 2 2 1 1 1 1 3 3 3 3 2 2 2 2 3 3 3 3 2 2 2 2 1 1 1 1 3 3 3 3 2 2 2 2 3 3 3 3 2 2 2 2 1 1 1 1 3 3 3 3 2 2 2 2 3 3 3 3 2 2 2 2 1 1 1 1
95 3
3 3 3 2 2 2 2 2 3 3 3 2 2 2 2 2 1 1 1 3 3 3 2 2 2 2 2 3 3 3 2 2 2 2 2 1 1 1 3 3 3 2 2 2 2 2 3 3 3 2 2 2 2 2 1 1 1 3 3 3 2 2 2 2 2 3 3 3 2 2 2 2 2 1 1 1 3 3 3 2 2 2 2 2 3 3 3 2 2 2 2 2 1 1 1
99 3
3 3 3 3 3 3 3 3 3 3 3 3 3 3 3 3 3 3 3 3 3 2 2 2 2 2 2 2 2 2 2 2 2 2 2 2 2 2 2 2 2 2 2 2 1 1 1 2 2 2 2 2 2 2 2 2 2 2 2 2 2 2 2 2 2 2 2 2 2 2 1 1 1 2 2 2 2 2 2 2 2 2 2 2 2 2 2 2 2 2 2 2 2 2 2 2 1 1 1
78 3
1 1 1 2 3 2 3 2 3 2 3 2 3 1 1 1 2 3 2 3 2 3 2 3 2 3 1 1 1 2 3 2 3 2 3 2 3 2 3 1 1 1 2 3 2 3 2 3 2 3 2 3 1 1 1 2 3 2 3 2 3 2 3 2 3 1 1 1 2 3 2 3 2 3 2 3 2 3
100 3
2 2 2 2 2 1 1 1 1 1 1 1 1 1 3 1 1 1 1 1 1 1 1 1 3 2 2 2 2 2 1 1 1 1 1 1 1 1 1 3 1 1 1 1 1 1 1 1 1 3 2 2 2 2 2 1 1 1 1 1 1 1 1 1 3 1 1 1 1 1 1 1 1 1 3 2 2 2 2 2 1 1 1 1 1 1 1 1 1 3 1 1 1 1 1 1 1 1 1 3
100 3
3 3 3 3 3 3 3 3 3 2 2 3 3 3 3 3 3 3 3 3 2 2 1 1 1 3 3 3 3 3 3 3 3 3 2 2 3 3 3 3 3 3 3 3 3 2 2 1 1 1 3 3 3 3 3 3 3 3 3 2 2 3 3 3 3 3 3 3 3 3 2 2 1 1 1 3 3 3 3 3 3 3 3 3 2 2 3 3 3 3 3 3 3 3 3 2 2 1 1 1
88 3
3 3 3 1 1 1 1 3 1 1 1 1 3 1 1 1 1 3 1 1 1 1 3 3 3 1 1 1 1 3 1 1 1 1 3 1 1 1 1 3 1 1 1 1 3 3 3 1 1 1 1 3 1 1 1 1 3 1 1 1 1 3 1 1 1 1 3 3 3 1 1 1 1 3 1 1 1 1 3 1 1 1 1 3 1 1 1 1
100 3
2 2 2 2 3 2 2 2 2 2 2 2 2 2 2 2 2 2 2 2 2 2 2 2 2 2 2 2 2 2 2 2 2 2 2 2 2 2 1 1 1 1 1 1 3 3 3 3 3 3 2 2 2 2 2 2 2 2 2 2 2 2 2 2 2 2 2 2 2 2 2 2 2 2 2 2 2 2 2 2 2 2 2 2 2 2 2 2 1 1 1 1 1 1 3 3 3 3 3 3
99 3
3 3 3 3 3 3 3 3 3 3 3 2 2 2 2 3 3 3 3 3 3 3 3 3 3 3 2 2 2 2 3 3 3 3 3 3 3 3 3 3 3 2 2 2 2 1 1 1 1 1 3 3 3 3 3 3 3 3 3 3 3 2 2 2 2 3 3 3 3 3 3 3 3 3 3 3 2 2 2 2 3 3 3 3 3 3 3 3 3 3 2 2 2 2 1 1 1 1 1
90 3
1 2 2 2 2 1 2 2 2 2 1 2 2 2 2 3 3 3 1 2 2 2 2 1 2 2 2 2 1 2 2 2 2 3 3 3 1 2 2 2 2 1 2 2 2 2 1 2 2 2 2 3 3 3 1 2 2 2 2 1 2 2 2 2 1 2 2 2 2 3 3 3 1 2 2 2 2 1 2 2 2 2 1 2 2 2 2 3 3 3
97 3
3 1 1 1 1 1 1 1 1 1 1 1 2 2 2 2 3 1 1 1 1 1 1 1 1 1 1 1 2 2 1 2 2 3 1 1 1 1 1 1 1 1 1 1 1 2 2 2 2 3 1 1 1 1 1 1 1 1 1 1 1 2 2 2 2 3 1 1 1 1 1 1 1 1 1 1 1 2 2 2 2 3 1 1 1 1 1 1 1 1 1 1 1 2 2 2 2
96 3
3 1 1 1 1 1 1 3 1 1 1 1 1 1 2 2 3 1 1 1 1 1 1 3 1 1 1 1 1 1 2 2 3 1 1 1 1 1 1 3 1 1 1 1 1 1 2 2 3 1 1 1 1 1 1 3 1 1 1 1 1 1 2 2 3 1 1 1 1 1 1 3 1 1 1 1 1 1 2 2 3 1 1 1 1 1 1 3 1 1 1 1 1 1 2 2
100 3
3 3 3 3 3 3 3 3 3 3 3 3 3 3 3 3 3 3 3 3 3 3 3 3 3 3 3 3 3 3 3 3 3 3 1 1 1 1 1 1 1 1 1 1 1 2 2 2 2 2 3 3 3 3 3 3 3 3 3 3 3 3 3 3 3 3 3 3 3 3 3 3 3 3 3 3 3 3 3 3 3 3 3 3 1 1 1 1 1 1 1 1 1 1 1 2 2 2 2 2
100 3
2 2 2 2 2 2 1 1 1 1 1 1 1 1 1 1 1 3 3 3 2 2 2 2 2 2 1 1 1 1 1 1 1 1 1 1 1 3 3 3 2 2 2 2 2 2 1 1 1 1 1 1 1 1 1 1 1 3 3 3 2 2 2 2 2 2 1 1 1 1 1 1 1 1 1 1 1 3 3 3 2 2 2 2 2 2 1 1 1 1 1 1 1 1 1 1 1 3 3 3
78 3
3 2 2 1 2 2 1 2 2 1 2 2 1 3 2 2 1 2 2 1 2 2 1 2 2 1 3 2 2 1 2 2 1 2 2 1 2 2 1 3 2 2 1 2 2 1 2 2 1 2 2 1 3 2 2 1 2 2 1 2 2 1 2 2 1 3 2 2 1 2 2 1 2 2 1 2 2 1
100 3
1 3 3 3 3 3 3 3 3 3 3 3 3 3 3 3 3 3 3 2 2 2 2 2 2 2 2 2 2 2 2 2 2 2 2 2 2 2 2 2 2 2 2 2 2 2 2 2 2 2 1 3 3 3 3 3 3 3 3 3 3 3 3 3 3 3 3 3 3 2 2 2 2 2 2 2 2 2 2 2 2 2 2 2 2 2 2 2 2 2 2 2 2 2 2 2 2 2 2 2
72 1
1 1 1 1 1 1 1 1 1 1 1 1 1 1 1 1 1 1 1 1 1 1 1 1 1 1 1 1 1 1 1 1 1 1 1 1 1 1 1 1 1 1 1 1 1 1 1 1 1 1 1 1 1 1 1 1 1 1 1 1 1 1 1 1 1 1 1 1 1 1 1 1
100 3
2 2 2 2 2 1 1 3 3 3 1 1 3 3 3 1 1 3 3 3 1 1 3 3 3 2 2 2 2 2 1 1 3 3 3 1 1 3 3 3 1 1 3 3 3 1 1 3 3 3 2 2 2 2 2 1 1 3 3 3 1 1 3 3 3 1 1 3 3 3 1 1 3 3 3 2 2 2 2 2 1 1 3 3 3 1 1 3 3 3 1 1 3 3 3 1 1 3 3 3
78 3
2 3 3 1 3 3 1 3 3 1 3 3 1 2 3 3 1 3 3 1 3 3 1 3 3 1 2 3 3 1 3 3 1 3 3 1 3 3 1 2 3 3 1 3 3 1 3 3 1 3 3 1 2 3 3 1 3 3 1 3 3 1 3 3 1 2 3 3 1 3 3 1 3 3 1 3 3 1
99 3
1 1 2 2 2 2 2 2 2 3 3 2 2 2 2 2 2 2 3 3 1 1 2 2 2 2 2 2 2 3 3 2 2 2 2 2 2 2 3 3 1 1 2 2 2 2 2 2 3 3 2 2 2 2 2 2 2 3 3 1 1 2 2 2 2 2 2 2 3 3 2 2 2 2 2 2 2 3 3 1 1 2 2 2 2 2 2 2 3 3 2 2 2 2 2 2 2 3 3
96 3
3 3 3 3 3 3 3 1 1 3 3 3 3 3 3 3 1 1 2 2 2 2 2 2 3 3 2 3 3 3 3 1 1 3 3 3 3 3 3 3 1 1 2 2 2 2 2 2 3 3 3 3 3 3 3 1 1 3 3 3 3 3 3 3 1 1 2 2 2 2 2 2 3 3 3 3 3 3 3 1 1 3 3 3 3 3 3 3 1 1 2 2 2 2 2 2
90 3
2 1 1 1 1 1 2 1 1 1 1 1 3 3 3 2 1 1 1 1 1 2 1 1 1 1 1 3 3 3 2 1 1 1 1 1 2 1 1 1 1 1 3 3 3 2 1 1 1 1 1 2 1 1 1 1 1 3 3 3 2 1 1 1 1 1 2 1 1 1 1 1 3 3 3 2 1 1 1 1 1 2 1 1 1 1 1 3 3 3
99 3
2 3 3 3 3 3 2 3 3 3 3 3 1 1 1 1 1 1 1 1 1 1 1 1 1 1 1 1 1 1 1 1 1 1 1 1 1 1 1 1 1 1 1 1 1 1 1 1 1 1 1 1 1 1 1 1 1 1 1 1 1 1 1 1 1 1 2 1 1 1 1 1 1 1 1 1 1 1 1 1 1 1 1 1 1 1 1 1 1 1 1 1 1 1 1 1 1 1 1
100 3
3 3 3 3 2 2 2 3 3 3 3 2 2 2 3 3 3 3 2 2 2 3 3 3 3 2 2 2 1 1 1 1 1 3 3 3 3 2 2 2 3 3 3 3 2 2 2 3 3 3 3 2 2 2 3 3 3 3 2 2 2 1 1 1 1 1 3 3 3 3 2 2 2 3 3 3 3 2 2 2 2 3 3 3 3 2 2 2 3 3 3 3 2 2 2 1 1 1 1 1
90 3
3 2 2 2 2 2 2 3 2 2 2 2 2 2 3 2 2 2 2 3 2 3 2 2 2 2 2 2 3 2 2 2 2 2 2 3 2 2 2 2 2 2 1 1 1 3 2 2 2 2 2 2 3 2 2 2 2 2 2 3 2 2 2 2 2 2 3 2 2 2 2 2 2 3 2 2 2 2 2 2 3 2 2 2 2 2 2 1 1 1
92 3
2 2 3 3 3 3 3 3 2 2 3 3 3 3 3 3 2 2 3 3 3 3 3 3 2 2 3 3 3 3 3 3 2 2 3 3 3 3 3 3 2 2 2 2 2 2 2 2 3 3 3 3 3 3 2 2 3 3 3 3 3 3 2 2 3 3 3 3 3 3 2 2 3 3 3 3 3 3 2 2 3 3 3 3 3 3 2 2 2 2 2 2
96 3
3 3 3 3 3 3 3 3 3 3 3 2 2 1 1 1 3 3 3 3 3 3 3 3 3 3 3 2 2 1 1 1 3 3 3 3 3 3 3 3 3 3 3 2 2 1 1 1 3 3 3 3 3 3 3 3 3 3 3 2 2 1 1 1 3 3 3 3 3 3 3 3 3 3 3 2 2 1 1 1 3 3 3 3 3 3 3 3 3 3 3 2 2 1 1 1
100 3
3 3 3 3 3 3 3 3 3 3 3 3 3 3 3 3 3 3 3 3 3 3 3 3 3 3 3 3 2 2 2 2 2 2 2 2 2 2 2 2 2 2 2 2 2 2 2 2 2 2 2 2 2 2 2 2 2 2 1 1 1 1 1 1 1 1 1 1 1 1 1 1 1 1 1 1 1 1 1 1 1 1 1 1 1 1 1 1 1 1 1 1 1 1 1 1 1 1 1 1
99 2
2 1 1 1 1 1 1 1 1 1 1 1 1 1 1 1 1 1 1 1 1 1 1 1 1 1 1 1 1 1 1 1 1 2 1 1 1 1 1 1 1 1 1 1 1 1 1 1 1 1 1 1 1 1 1 1 1 1 1 1 1 1 1 1 1 1 2 1 1 1 1 1 1 1 1 1 1 1 1 1 1 1 1 1 1 1 1 1 1 1 1 1 1 1 1 1 1 1 1
96 3
2 2 2 2 1 1 1 1 1 1 1 1 3 3 1 1 1 1 1 1 1 1 3 3 2 2 2 2 1 1 1 1 1 1 1 1 3 3 1 1 1 1 1 1 1 1 3 3 2 2 2 2 1 1 1 1 1 1 1 1 3 3 1 1 1 1 1 1 1 1 3 3 2 2 2 2 1 1 1 1 1 1 1 1 3 3 1 1 1 1 1 1 1 1 3 3
100 3
3 3 1 1 1 1 1 3 3 1 1 1 1 1 2 2 2 2 2 2 3 3 1 1 1 1 1 3 3 1 1 1 1 1 2 2 2 2 2 2 3 3 1 1 1 1 1 3 3 1 1 1 1 1 2 2 2 2 2 2 3 3 1 1 1 1 1 3 3 1 1 1 1 1 2 2 2 2 2 2 3 3 1 1 1 1 1 3 3 1 1 1 1 1 2 2 2 2 2 2
99 3
2 1 1 2 1 1 2 1 1 3 3 3 3 3 3 3 3 3 3 3 3 3 3 3 3 3 3 3 3 3 3 3 3 3 3 3 3 3 3 3 3 3 3 3 3 3 3 3 3 3 3 3 3 3 3 3 3 3 3 3 3 3 3 3 3 3 3 3 3 3 3 3 3 3 3 3 3 3 3 3 3 3 3 3 3 3 3 3 3 3 3 3 3 3 3 3 3 3 3
98 3
2 2 2 2 2 1 1 1 1 1 1 1 1 1 1 1 1 1 1 1 1 3 3 3 3 3 3 1 1 1 1 1 1 1 1 1 1 1 1 1 1 1 1 3 3 3 3 3 3 2 2 2 2 2 1 1 1 1 1 1 1 1 1 1 1 1 1 1 1 1 3 3 3 3 3 3 1 1 1 1 1 1 1 1 1 1 1 1 1 1 1 1 3 3 3 3 3 3
96 3
1 1 1 1 1 1 2 2 2 2 2 2 2 2 3 3 1 1 1 1 1 1 2 2 2 2 2 2 2 2 3 3 1 1 1 1 1 1 2 2 2 2 2 2 2 2 3 3 1 1 1 1 1 1 2 2 2 2 2 2 2 2 3 3 1 1 1 1 1 1 2 2 2 2 2 2 2 2 3 3 1 1 1 1 1 1 2 2 2 2 2 2 2 2 3 3
96 3
1 1 2 2 2 2 2 2 2 2 3 3 3 2 2 2 2 2 2 2 2 3 3 3 1 1 2 2 2 2 2 2 2 2 3 3 3 2 2 2 2 2 2 2 2 3 3 3 1 1 2 2 2 2 2 2 2 2 3 3 3 2 2 2 2 2 2 2 2 3 3 3 1 1 2 2 2 2 2 2 2 2 3 3 3 2 2 2 2 2 2 2 2 3 3 3
100 3
3 3 3 3 1 1 1 1 1 1 1 1 1 1 1 1 1 1 1 2 3 3 3 3 1 1 1 1 1 1 1 1 1 1 1 1 1 1 1 2 3 3 3 3 1 1 1 1 1 1 1 1 1 1 1 1 1 1 1 2 3 3 3 3 1 1 1 1 1 1 1 1 1 1 1 1 1 1 1 2 3 3 3 3 1 1 1 1 1 1 1 1 1 1 1 1 1 1 1 2
1 2
1
1 3
1
100 3
1 1 1 1 1 1 1 1 1 1 1 1 1 1 1 1 1 1 1 1 1 1 1 1 1 1 1 1 1 1 1 1 1 1 1 2 2 2 2 2 2 2 2 2 2 2 3 3 3 3 1 1 1 1 1 1 1 1 1 1 1 1 1 1 1 1 3 1 1 1 1 1 1 1 1 1 1 1 1 1 1 1 1 1 1 2 2 2 2 2 2 2 2 2 2 2 3 3 3 3
100 3
2 2 2 2 2 2 3 3 1 1 1 1 1 3 3 1 1 1 1 1 2 2 2 2 2 2 3 3 1 1 1 1 1 3 3 1 1 1 1 1 2 2 2 2 2 2 3 3 1 1 1 1 1 3 3 1 1 1 1 1 2 2 2 2 2 2 3 3 1 1 1 1 1 3 3 1 1 1 1 1 2 2 2 2 2 2 3 3 1 1 1 1 1 3 3 1 1 1 1 1
96 3
1 1 1 1 1 1 1 1 2 2 1 1 1 1 1 1 1 1 2 2 1 1 1 1 1 1 1 1 2 2 3 3 1 1 1 1 1 1 1 1 2 2 1 1 1 1 1 1 1 1 2 2 1 1 1 1 1 1 1 1 2 2 3 3 1 1 1 1 1 1 1 1 2 2 1 1 1 1 1 1 1 1 2 2 1 1 1 1 1 1 1 1 2 2 3 3
